802 983
337 562
426 427
762 669
659 653
643 360
710 23
190 688
747 201
386 88
197 546
515 239
523 678
90 207
255 621
479 584
577 601
503 10
485 523
127 133
179 180
397 36
465 21
453 58
497 217
513 650
403 87
107 48
189 497
688 107
223 605
744 557
225 437
729 159
79 456
197 787
363 276
595 333
634 429
702 217
322 410
45 342
786 285
213 78
73 750
564 184
323 4
536 347
263 525
321 526
81 408
24 111
187 209
304 154
802 633
526 297
521 166
197 413
381 27
158 396
142 330
383 146
743 763
42 109
61 444
598 772
273 696
349 727
387 156
326 771
216 684
283 95
328 69
277 13
261 648
578 764
509 358
316 735
197 522
293 208
729 708
384 134
781 462
801 798
199 70
342 47
764 86
454 565
218 546
95 460
372 667
231 60
585 94
189 644
88 447
204 414
659 642
602 597
794 699
278 536
556 123
41 527
513 346
390 703
395 137
34 244
735 381
294 382
782 131
119 207
374 550
496 217
382 313
52 132
233 313
495 587
75 176
634 469
491 165
180 546
648 204
393 521
244 288
199 787
677 399
689 662
427 422
635 10
283 453
793 757
640 349
56 20
455 707
250 430
370 195
722 697
73 24
304 579
585 105
489 156
21 221
337 53
611 594
729 11
336 469
119 482
247 236
591 633
82 606
775 386
440 467
233 14
116 412
258 523
465 52
384 170
619 128
407 419
335 765
563 236
677 213
573 184
605 564
456 592
281 662
535 271
28 43
43 416
192 782
696 5
712 323
7 146
424 20
494 193
59 612
639 314
249 728
100 88
487 235
185 636
201 570
116 738
449 497
698 405
562 346
16 86
653 316
97 6
287 439
216 522
145 410
528 533
691 417
550 97
432 711
301 705
293 197
192 212
444 87
78 717
404 608
196 470
765 206
379 162
613 183
542 568
166 549
275 95
201 701
404 405
45 591
582 543
573 133
446 714
352 127
776 188
137 280
304 685
416 449
493 1
569 176
693 719
93 381
450 520
289 784
402 274
304 715
365 80
22 66
774 795
740 108
78 591
127 2
506 138
292 85
22 170
584 590
208 647
159 235
596 471
330 22
285 210
741 560
689 522
473 57
685 315
757 438
326 2
205 371
444 332
786 724
51 552
255 107
653 183
318 783
333 648
371 157
757 194
788 479
325 763
359 626
744 499
27 580
87 533
424 497
265 165
391 86
438 330
524 777
237 33
194 529
142 22
172 162
380 241
27 347
365 430
481 141
398 89
131 712
288 294
432 448
394 245
143 388
774 300
339 714
764 204
544 87
55 441
276 314
331 618
724 748
75 523
268 603
768 537
768 78
612 708
32 589
748 518
606 39
705 339
762 59
16 472
757 685
549 222
166 617
769 370
81 379
731 148
655 299
143 320
425 400
688 687
6 155
554 67
179 346
570 786
708 138
603 513
523 14
14 505
732 60
418 52
13 130
627 325
484 597
551 30
690 166
400 47
267 47
731 424
479 253
665 136
27 572
159 511
726 693
721 719
777 128
481 195
530 313
780 443
661 105
442 499
218 261
682 116
470 510
468 113
716 583
589 289
427 297
652 91
129 23
447 484
453 556
645 86
62 490
458 692
520 685
647 278
654 375
401 613
532 791
722 707
626 322
356 134
229 781
204 420
134 510
792 793
784 608
739 156
236 58
192 713
215 390
562 778
324 196
64 638
93 379
328 23
245 217
145 264
555 740
425 386
623 341
88 580
322 503
488 318
12 682
281 213
519 523
604 460
384 193
59 628
632 71
211 762
26 86
124 239
150 325
395 183
31 278
563 57
84 713
168 711
549 571
351 1
560 557
140 711
135 372
755 799
491 498
565 186
357 709
534 84
518 395
456 54
579 308
732 501
482 384
82 637
701 216
654 801
789 326
696 54
103 54
412 220
739 248
288 22
723 329
424 589
63 103
506 791
487 104
766 105
490 467
115 174
460 24
321 82
39 76
729 256
460 145
135 476
347 407
136 741
68 606
442 456
666 239
450 60
130 479
640 742
474 542
201 741
228 213
131 519
420 710
581 606
401 450
46 74
577 662
207 227
432 539
60 444
508 598
677 88
97 257
168 649
708 410
781 508
459 641
605 323
328 305
685 577
187 698
305 371
138 725
531 630
236 640
797 158
407 456
30 651
545 344
577 708
197 659
617 317
763 330
469 767
387 798
714 794
397 94
80 773
795 649
87 600
39 418
418 314
297 685
288 264
601 388
305 711
2 424
211 93
718 294
196 781
599 287
102 255
179 556
606 304
653 393
124 12
764 442
556 483
558 411
505 107
373 345
228 50
169 105
778 88
153 84
432 525
416 130
402 711
632 403
249 130
195 375
151 40
788 798
684 371
362 710
29 546
304 474
616 348
47 78
119 780
219 50
40 484
554 253
294 669
454 668
67 564
186 674
112 1
249 576
27 209
492 723
627 694
698 630
78 774
197 124
182 227
190 800
200 270
243 604
710 742
53 369
523 98
257 129
588 397
364 758
476 52
616 445
139 309
305 634
552 742
638 376
358 581
334 156
399 661
35 308
767 590
143 544
554 332
287 26
479 273
485 334
791 140
772 576
135 651
300 586
655 81
459 676
157 733
137 414
682 390
506 549
560 289
462 268
129 324
274 627
617 753
517 570
784 612
28 518
158 379
578 413
725 346
236 77
780 665
216 666
458 748
458 271
789 568
168 312
54 230
525 361
355 260
800 119
14 80
400 81
784 422
658 109
655 536
723 742
81 298
455 712
135 70
6 586
730 482
723 47
615 702
222 714
387 188
447 147
51 203
353 148
5 611
355 47
711 632
654 368
723 701
80 585
72 374
513 785
686 550
473 762
210 744
219 405
689 145
560 656
595 188
796 75
90 96
354 193
105 183
783 454
460 171
11 236
337 644
24 713
716 559
660 335
540 778
95 112
588 614
318 587
264 158
174 495
587 597
451 474
170 355
567 487
471 633
690 781
647 79
505 717
181 123
250 227
283 323
219 747
398 36
202 503
405 529
486 657
272 696
561 657
305 761
439 548
28 146
616 24
715 590
217 605
446 227
437 189
683 250
400 592
170 475
728 770
558 489
510 557
354 156
167 65
95 328
300 206
157 257
184 410
161 187
142 71
695 142
394 473
11 736
490 408
548 112
225 393
189 425
448 744
409 426
700 240
594 333
68 36
395 587
686 645
290 68
272 355
481 551
116 481
686 486
538 575
596 766
2 294
295 432
170 212
171 750
52 616
665 418
340 626
601 195
573 453
417 767
455 245
288 437
200 716
659 784
644 527
46 798
246 79
447 474
505 762
24 206
327 624
575 394
499 790
133 470
778 320
99 529
650 483
332 551
203 487
699 340
494 318
730 343
43 50
574 87
652 102
728 708
81 760
368 736
590 399
491 27
158 293
309 122
181 76
369 763
668 761
619 499
484 10
218 302
505 574
232 770
655 697
332 282
516 8
571 467
709 792
410 190
515 349
75 120
672 325
515 698
731 797
397 693
365 1
459 763
270 782
611 527
621 345
774 278
482 676
111 191
1 778
796 175
523 801
161 38
696 559
134 630
407 734
312 512
481 191
774 228
153 560
656 330
574 501
608 654
651 197
11 387
272 375
185 570
439 672
76 323
119 396
436 201
161 256
389 294
666 531
659 798
98 666
337 5
490 491
351 715
230 60
299 418
225 142
344 762
68 749
470 779
713 656
343 1
597 198
14 137
511 384
430 136
36 299
82 160
725 487
162 60
19 519
416 427
574 419
334 577
425 683
778 620
175 711
598 61
252 352
6 347
571 735
533 396
737 126
513 233
185 410
470 116
754 3
546 604
728 615
602 291
321 783
757 134
278 114
306 472
381 664
66 418
238 771
155 790
686 257
246 546
342 376
339 413
596 308
329 457
604 597
751 363
228 119
16 352
521 740
509 739
179 448
384 130
425 397
330 363
50 728
162 370
488 299
30 8
755 333
74 597
30 410
118 677
294 397
584 348
687 452
391 2
592 268
214 340
185 528
72 216
53 405
34 146
740 517
802 520
693 87
470 755
25 640
33 211
170 577
205 137
595 202
750 2
88 202
447 23
54 788
81 107
584 39
334 595
444 549
603 746
623 624
427 592
632 520
20 12
670 466
453 261
800 678
90 20
466 367
195 449
296 475
286 369
260 87
640 560
669 536
287 89
345 194
119 763
783 165
121 630
448 706
682 72
74 318
15 91
45 142
29 521
549 76
139 213
294 31
517 600
582 564
771 73
331 187
463 114
90 231
95 177
404 763
145 271
742 355
645 586
554 324
741 139
660 481
360 234
256 300
476 277
319 205
405 202
714 276
621 584
591 649
492 636
618 617
554 542
266 234
128 199
468 510
629 100
424 456
142 527
170 724
70 716
395 339
35 686
34 698
406 793
263 565
793 785
368 700
148 222
501 355
117 196
45 544
287 389
