824 2959
508 764
181 96
348 138
686 731
393 669
157 23
108 496
626 543
238 226
664 501
243 21
813 225
730 390
84 822
747 613
765 798
416 691
823 776
729 320
130 353
187 17
615 592
465 140
211 429
69 801
616 644
749 266
567 263
143 506
133 181
223 605
208 767
619 802
85 87
641 335
442 590
28 378
519 191
636 409
506 690
56 25
198 361
532 204
458 494
365 803
652 147
319 145
820 650
531 323
454 589
181 779
334 182
687 529
444 581
210 448
301 76
84 684
31 552
714 295
753 704
493 303
314 482
801 263
804 383
553 787
570 147
165 232
607 705
796 30
285 212
750 615
161 529
74 239
786 79
111 358
630 359
189 440
643 490
638 589
656 250
34 711
806 297
368 261
296 7
253 273
226 232
338 59
564 670
375 450
507 263
571 171
93 376
414 548
668 716
9 345
562 289
193 386
714 527
692 55
450 678
558 736
570 727
292 82
506 282
818 6
726 533
659 685
680 285
311 199
302 325
782 414
222 561
76 403
180 366
346 719
475 375
679 718
531 353
520 173
261 720
43 677
706 127
619 706
691 132
158 317
346 5
573 184
557 30
635 644
743 733
392 293
49 324
675 664
638 748
588 257
75 350
239 569
312 689
258 565
595 465
512 133
821 624
771 794
590 450
630 575
560 108
691 681
192 15
103 698
287 425
813 714
751 254
399 149
661 669
205 347
437 564
795 458
215 262
325 119
608 637
790 195
378 75
388 358
796 107
506 597
620 697
516 122
535 117
385 262
619 44
529 497
583 66
767 523
111 632
493 536
404 405
823 273
448 620
747 128
585 125
111 745
762 146
265 218
728 595
30 474
56 764
165 140
235 341
131 372
739 235
499 645
18 351
484 364
104 93
87 268
18 277
327 285
664 479
540 690
762 372
800 815
503 555
199 818
57 391
142 125
821 755
593 230
341 144
97 332
354 255
47 383
477 739
117 652
137 25
730 591
548 745
424 587
251 53
260 814
372 480
263 275
617 107
361 711
790 63
354 730
204 629
11 302
654 734
288 121
678 287
127 69
770 427
645 558
171 698
408 152
257 196
784 275
736 567
114 534
9 207
689 394
534 233
609 339
21 624
402 170
265 422
158 102
125 572
130 146
208 227
544 231
506 520
767 301
749 722
107 795
626 777
224 419
653 795
303 427
182 81
535 637
518 629
8 788
23 675
47 71
12 107
433 58
366 342
135 672
376 60
637 446
470 496
594 765
812 478
814 270
115 284
490 223
792 82
442 481
796 471
372 660
174 615
47 266
768 203
678 578
256 287
130 66
426 502
300 483
501 494
214 34
142 368
312 38
590 441
723 635
617 509
104 200
189 640
549 470
807 381
521 231
535 223
648 709
578 722
44 177
773 712
28 64
84 594
164 143
638 144
238 60
149 751
333 728
392 246
378 451
622 731
682 718
20 486
611 70
577 42
506 468
299 812
287 38
518 235
688 535
627 587
379 746
655 125
398 515
759 57
211 745
394 785
522 168
96 167
761 461
462 474
391 810
585 671
532 181
475 507
166 324
374 685
214 506
52 449
342 208
819 703
492 325
792 493
93 144
557 264
637 443
502 351
141 598
170 614
207 579
104 31
412 309
128 202
482 49
134 328
34 142
785 265
325 464
56 81
298 697
616 478
264 499
282 185
86 125
572 377
310 527
556 40
7 405
217 696
589 176
573 588
188 225
616 295
239 499
4 607
439 464
21 565
147 47
703 452
107 328
230 511
140 536
373 139
132 313
407 461
462 776
449 564
602 664
574 514
757 705
594 805
813 634
744 287
600 121
177 630
783 135
514 441
610 46
385 190
557 395
371 648
185 67
670 527
822 635
605 361
129 360
577 133
443 42
68 639
344 224
294 789
611 98
611 518
65 791
27 600
102 188
232 171
470 688
94 394
187 804
349 333
445 569
545 363
727 71
766 557
216 276
622 363
538 314
612 261
385 791
248 677
681 274
457 517
422 474
478 7
46 124
763 762
214 407
418 767
662 90
610 267
415 230
29 789
466 604
604 122
566 412
397 180
272 344
514 293
455 642
222 326
190 367
461 529
502 443
611 434
777 670
535 658
741 96
393 88
68 1
659 670
677 259
579 137
596 437
779 73
486 126
106 367
550 567
661 101
440 343
657 781
759 176
83 788
232 201
325 703
533 411
592 681
663 182
721 414
83 312
818 624
639 215
332 195
660 454
426 575
561 40
82 534
636 401
430 627
415 595
603 634
336 149
372 390
46 398
325 586
820 260
162 68
346 281
681 685
711 445
425 788
245 758
176 360
160 18
72 735
414 822
207 664
207 186
224 63
278 171
78 820
778 29
642 122
425 313
764 119
800 407
298 571
514 413
144 795
753 332
309 363
443 643
668 88
210 288
503 16
125 72
490 682
437 642
496 279
63 141
504 770
139 174
251 677
162 206
720 807
94 358
684 207
575 509
61 274
10 337
746 522
382 267
278 29
181 305
411 706
584 133
804 509
493 503
240 746
459 254
168 684
479 243
100 228
172 537
564 299
657 639
451 456
125 236
327 624
42 736
757 428
62 589
192 508
361 353
343 784
489 737
54 182
277 395
595 46
427 183
266 661
123 427
805 188
436 452
555 748
725 527
581 325
584 321
430 644
682 818
60 738
704 176
782 361
13 223
268 169
34 36
262 632
19 127
458 126
612 6
356 785
416 492
465 164
496 660
473 286
164 614
537 575
168 182
256 308
762 258
429 209
412 143
87 271
440 192
524 597
134 452
228 423
637 615
730 756
33 268
569 690
382 66
499 623
388 55
544 293
412 538
566 1
531 33
17 373
149 601
237 91
334 16
745 367
637 798
361 86
290 202
661 356
441 769
632 55
411 127
197 344
164 179
121 131
438 759
475 123
2 617
246 80
321 196
686 611
552 551
755 32
294 762
796 709
581 105
708 641
568 743
531 477
312 742
789 380
497 193
279 227
155 458
49 278
448 746
515 634
364 60
367 465
518 627
740 295
250 12
211 6
221 51
693 577
398 472
329 444
292 205
210 617
486 762
159 127
507 573
509 230
165 554
106 241
119 470
229 589
267 22
655 97
208 73
382 778
91 612
147 131
296 412
41 741
243 490
530 138
410 562
799 60
747 263
184 305
438 460
244 737
314 516
631 578
290 760
241 571
39 546
82 224
535 42
645 51
24 665
494 812
351 22
705 179
5 241
431 595
711 310
752 114
349 358
11 115
650 613
624 759
145 162
36 471
790 690
650 343
317 100
739 209
142 369
420 659
437 320
586 33
797 693
471 545
261 669
245 115
239 300
230 745
748 110
201 264
510 258
496 695
539 13
615 798
232 402
214 518
783 211
180 463
715 185
609 500
423 270
498 675
482 617
563 816
285 297
532 704
153 148
592 451
714 649
399 342
754 182
257 246
298 289
411 154
566 553
820 588
308 329
76 336
350 627
145 191
722 811
562 596
58 166
142 671
130 85
296 256
206 504
599 213
88 557
568 428
145 624
412 558
268 746
581 165
180 703
489 287
218 291
571 371
443 568
611 264
367 646
86 801
514 714
35 46
33 492
196 533
65 168
697 237
326 793
454 354
325 305
699 164
233 208
308 57
627 166
664 273
524 576
4 367
207 821
557 698
465 769
452 2
350 807
462 11
764 671
33 428
34 274
568 657
427 364
199 70
553 67
797 631
29 88
6 251
611 357
1 116
112 396
575 648
689 423
545 442
817 701
694 709
366 652
737 8
429 426
17 658
507 727
788 535
736 192
607 136
794 605
63 549
140 818
215 366
507 785
716 785
806 600
297 390
559 529
456 455
108 507
271 601
402 366
774 767
244 381
321 275
48 629
794 820
172 129
427 395
712 150
161 240
509 149
200 799
755 677
350 732
793 507
26 164
391 412
48 270
605 429
703 530
595 560
655 778
171 515
490 559
804 474
736 37
574 147
23 806
229 488
764 56
512 769
31 235
674 733
757 471
724 701
822 198
204 297
88 130
409 298
121 755
672 341
250 321
582 710
380 106
56 325
618 133
404 608
497 130
261 207
28 187
428 560
150 192
214 572
626 161
774 306
347 764
178 260
769 517
811 134
316 544
683 717
102 175
340 91
397 737
767 742
118 570
313 63
171 610
172 441
46 358
12 274
167 754
436 488
368 601
102 324
505 382
50 556
344 71
714 74
715 671
535 701
572 681
157 645
653 786
654 590
216 1
589 735
533 50
592 103
771 741
276 634
44 783
668 260
291 244
125 287
363 508
73 444
608 364
130 480
117 581
648 381
226 345
122 688
72 228
698 751
730 408
186 116
601 364
478 419
5 817
564 446
231 402
285 171
638 747
292 163
368 116
296 209
133 450
192 375
782 522
607 68
477 362
794 521
680 714
104 145
822 171
754 254
771 232
377 689
487 91
181 407
647 158
261 58
673 170
729 53
430 642
487 631
571 477
807 99
372 405
563 530
74 469
124 612
424 743
389 348
598 821
639 801
587 775
265 160
588 686
644 275
604 140
308 216
391 531
801 296
181 75
146 159
267 148
208 652
116 688
199 212
811 324
377 83
31 744
674 220
752 361
532 543
477 203
79 764
597 452
335 221
615 368
507 358
195 775
125 228
415 21
435 308
369 197
62 32
136 759
372 362
670 419
470 751
508 67
509 75
82 616
84 561
475 276
270 130
225 58
261 44
50 378
694 171
53 783
532 550
98 568
21 433
260 801
373 621
210 266
92 268
625 327
292 402
76 794
540 803
49 643
484 665
479 453
571 196
703 270
499 543
265 660
604 439
201 508
348 373
60 770
645 692
759 804
7 561
466 776
285 143
23 134
788 439
403 472
147 82
820 678
101 236
683 582
90 738
110 737
93 290
202 724
354 728
650 561
396 769
297 438
29 566
155 422
509 387
236 701
467 444
397 25
606 329
718 45
648 41
575 758
303 669
501 554
745 113
670 788
323 720
182 704
517 254
759 624
364 587
635 312
449 48
588 5
509 641
147 130
772 460
593 665
365 489
63 611
562 501
51 149
720 223
756 120
740 146
425 72
133 391
248 741
819 152
736 778
122 640
129 202
318 646
545 117
543 518
485 191
289 601
348 759
554 806
214 567
631 201
338 445
245 799
708 598
820 40
141 158
569 309
608 285
365 704
422 264
477 497
745 321
283 142
121 607
212 638
130 64
777 734
189 56
706 450
9 690
314 363
160 712
567 441
720 528
366 351
758 406
481 378
597 599
712 116
570 126
315 418
464 109
409 155
602 504
627 496
740 334
281 359
599 405
360 189
70 717
680 102
219 354
562 213
759 211
788 449
75 355
313 346
441 653
120 557
122 391
659 596
275 351
746 680
442 526
168 781
225 313
522 817
597 347
504 646
740 524
774 22
137 467
376 810
413 422
660 534
75 222
756 85
518 604
689 436
790 572
557 576
561 303
193 312
105 206
125 360
37 562
332 646
25 90
778 117
412 384
489 696
91 156
681 428
627 565
403 703
764 752
709 326
69 167
506 315
675 802
594 83
498 380
575 642
395 324
283 2
48 632
249 616
414 539
327 494
342 589
579 330
692 416
474 100
719 51
116 100
485 767
530 571
809 232
481 103
351 154
636 820
379 619
751 499
699 156
441 380
115 85
685 470
697 218
614 9
581 261
655 761
364 729
271 486
168 286
155 670
797 195
225 287
622 503
477 445
361 412
795 232
56 771
510 319
293 437
313 591
226 591
117 12
64 451
193 596
785 360
413 83
337 280
390 62
379 4
519 584
97 417
45 396
321 758
113 33
573 491
484 615
391 561
240 172
593 674
539 442
544 701
449 144
785 353
823 579
440 739
534 469
639 458
541 717
218 149
788 492
112 522
809 500
777 8
317 778
300 326
505 589
159 54
162 758
642 12
183 737
423 8
615 105
581 41
357 260
622 368
589 89
710 13
382 210
756 432
251 153
727 369
158 20
227 637
452 369
18 324
511 561
187 650
133 730
81 25
172 299
372 552
597 518
691 10
90 684
109 22
400 678
521 609
132 83
282 221
670 2
212 158
530 753
125 502
714 248
92 692
437 592
276 805
618 41
78 64
451 591
286 193
487 437
42 422
577 110
815 156
375 46
699 482
757 472
225 255
81 18
227 40
427 42
446 431
342 347
55 119
810 50
556 594
542 48
268 522
231 662
452 756
236 355
96 251
81 678
431 434
778 490
626 13
161 484
584 387
332 179
685 307
211 316
428 694
447 167
802 359
180 762
713 768
664 722
726 191
614 362
585 573
639 374
587 155
189 329
257 586
437 561
186 141
223 437
598 552
157 540
267 523
290 191
590 295
560 764
99 159
27 170
687 189
475 678
103 465
470 97
296 217
77 769
338 153
708 40
598 731
810 494
332 465
703 791
686 110
264 113
745 702
545 192
156 748
315 402
312 296
682 107
663 650
386 466
614 683
552 473
451 661
125 385
326 258
329 574
51 631
454 118
518 652
408 576
428 200
393 122
803 401
463 450
255 265
536 305
509 795
42 582
133 685
390 707
797 1
449 584
378 267
13 729
346 240
348 748
405 14
68 328
235 543
262 749
164 174
220 3
131 488
205 337
482 428
599 76
229 673
527 78
216 192
743 155
533 228
293 213
97 103
315 40
705 61
62 402
338 139
543 479
638 262
268 162
78 597
772 133
701 41
370 197
243 369
337 449
530 701
13 39
161 166
435 429
366 564
21 231
242 11
99 37
628 36
680 448
735 208
648 84
799 823
317 777
88 502
490 54
37 387
519 515
594 13
575 712
155 686
689 487
48 574
582 161
432 776
414 136
399 380
60 174
8 412
27 514
470 766
325 297
580 84
754 684
307 271
230 719
818 516
308 169
202 506
24 404
596 625
562 74
819 146
695 145
382 227
592 488
22 48
10 85
820 179
554 483
791 356
67 726
43 311
431 596
487 685
71 818
20 253
792 78
102 443
788 745
247 678
13 799
366 627
165 767
401 745
775 634
740 296
649 674
411 697
742 366
109 444
625 547
93 568
697 337
236 398
111 665
679 524
612 751
559 74
63 209
229 185
68 172
13 82
14 96
397 243
54 316
383 533
166 111
499 40
543 744
304 10
416 814
642 309
702 602
19 814
574 694
153 685
226 502
373 778
105 389
660 270
381 560
789 435
76 2
133 650
333 685
541 435
619 2
306 68
752 599
417 79
623 747
628 380
685 147
84 816
569 428
11 371
26 644
345 413
421 171
613 711
64 530
98 148
325 90
788 136
475 671
331 178
794 793
639 71
656 325
179 573
223 215
130 305
259 805
22 771
150 377
373 53
104 321
729 261
89 51
330 736
242 669
242 499
260 214
813 104
669 227
245 550
46 244
472 84
473 752
807 85
94 207
810 721
435 47
744 640
272 693
63 266
655 539
507 353
568 285
492 763
511 740
332 798
259 810
575 431
96 690
264 756
300 165
394 692
36 533
607 736
404 251
702 38
401 478
566 713
539 784
61 23
333 786
818 255
272 231
719 760
759 490
695 360
528 40
285 426
549 632
291 43
679 229
207 275
579 785
760 48
62 328
762 201
231 62
361 43
17 630
724 539
291 678
660 549
664 822
693 437
771 353
717 741
131 661
478 171
685 817
264 531
9 107
66 76
583 689
513 523
522 811
372 579
591 552
540 558
283 271
317 46
815 625
473 715
294 157
741 305
338 187
429 16
515 147
59 255
408 309
320 599
393 269
821 213
716 576
682 141
791 573
445 566
427 640
379 651
765 568
370 819
58 428
613 740
543 103
450 31
399 800
401 20
184 793
93 199
689 471
393 786
730 435
151 52
420 135
248 390
428 268
486 640
468 526
16 193
180 202
402 755
745 680
430 75
712 238
15 333
551 704
532 406
428 562
178 435
77 582
282 501
11 785
712 610
822 44
313 391
574 363
386 191
170 597
91 401
776 214
719 647
736 674
93 397
222 129
669 296
299 709
781 633
26 142
369 502
561 45
247 461
178 724
488 452
509 562
610 425
352 409
668 810
387 650
596 116
118 15
356 656
823 175
71 714
213 614
111 36
519 694
695 303
373 430
414 352
538 312
156 448
406 558
689 597
392 339
48 224
446 319
581 597
507 392
509 484
220 422
652 302
526 190
415 581
713 694
72 58
792 259
314 158
371 364
25 801
706 258
464 748
803 334
769 418
402 22
239 88
331 798
579 673
396 454
641 293
454 407
385 103
204 682
157 539
642 137
145 789
404 180
119 681
542 75
122 552
278 73
416 191
419 90
807 29
239 240
690 451
54 175
405 4
334 410
615 624
409 564
525 275
435 789
292 509
96 27
776 290
297 788
616 236
687 212
608 625
590 303
757 549
276 819
729 408
200 427
438 328
768 155
400 272
420 646
336 70
79 766
79 53
137 790
355 382
1 359
251 133
720 462
807 566
42 35
261 264
726 25
470 221
679 173
793 108
609 449
98 439
815 349
670 560
621 94
14 617
552 176
255 672
426 365
526 147
730 502
272 151
435 581
664 697
554 184
742 155
815 311
347 161
396 770
539 590
775 251
248 432
606 29
797 325
693 286
234 88
481 62
616 687
746 63
674 550
343 479
275 26
558 696
260 155
781 286
671 13
432 186
754 62
224 111
96 375
559 214
430 674
670 256
69 422
105 336
438 613
223 539
389 437
46 548
116 425
656 435
324 193
255 28
684 353
367 727
479 818
373 193
140 166
470 622
90 127
381 814
148 230
633 488
389 546
138 809
486 622
802 272
383 265
737 410
632 176
615 409
159 120
159 770
286 735
495 816
539 131
8 591
334 502
12 667
147 786
772 462
80 502
151 462
55 645
229 768
175 452
268 106
110 456
421 9
645 676
812 257
686 357
85 321
472 540
783 810
520 29
650 314
724 655
672 456
656 18
141 470
532 375
26 381
212 96
568 67
510 286
292 425
186 806
758 191
411 27
396 722
292 548
166 640
172 4
232 317
251 523
354 791
506 170
548 373
821 561
112 498
812 66
281 446
123 318
469 92
518 182
767 720
537 314
294 89
499 387
648 358
621 426
733 134
2 806
188 208
36 705
652 359
670 66
764 169
766 86
548 698
474 773
416 220
787 716
502 757
363 617
718 4
684 108
78 600
547 361
421 194
594 820
149 376
813 523
282 568
376 189
11 363
729 767
472 166
185 76
167 729
815 712
209 761
212 296
804 532
188 273
174 740
655 287
165 404
220 276
259 38
321 190
432 812
489 301
472 371
558 426
477 563
279 599
333 149
637 54
361 605
753 473
455 476
636 459
186 646
80 807
796 56
193 600
157 7
431 728
603 123
804 531
491 674
149 765
645 664
619 113
11 756
730 561
412 672
182 383
311 25
537 675
390 648
227 822
621 260
401 692
806 158
787 455
542 211
391 573
270 438
713 538
460 429
479 467
157 469
124 680
469 644
792 662
579 251
397 610
420 303
81 609
27 16
160 581
433 281
415 665
646 494
704 726
192 667
402 785
530 685
208 507
25 526
176 119
725 400
624 526
637 270
229 737
551 308
701 135
634 279
517 427
514 618
307 408
440 792
612 466
337 470
651 466
434 485
485 195
365 184
664 220
521 629
42 237
308 446
674 77
195 521
470 551
555 655
224 360
613 739
563 306
467 393
591 673
278 435
387 671
133 468
683 673
285 259
414 127
52 676
135 221
461 695
731 515
471 11
800 302
296 456
490 217
584 623
108 590
534 503
415 82
620 312
748 773
181 298
327 319
809 338
355 222
606 486
461 437
816 652
138 95
619 71
68 455
512 320
675 140
363 190
93 457
59 12
232 712
558 589
616 371
366 535
175 535
425 237
405 532
10 798
601 657
251 792
160 398
442 421
481 137
635 37
817 589
657 752
68 705
570 466
435 616
420 508
502 239
394 44
766 246
159 492
659 207
727 249
394 712
128 463
9 791
619 704
470 253
220 423
537 99
152 191
29 2
180 597
273 424
158 243
119 576
428 363
525 595
396 380
111 625
72 368
82 738
129 599
658 762
296 445
723 480
338 373
122 710
817 494
728 586
523 667
405 102
143 150
151 221
610 457
413 241
172 57
305 408
260 481
482 250
104 227
105 590
164 333
270 793
186 645
35 254
725 159
53 504
123 62
260 217
352 796
479 413
65 121
16 488
548 657
618 786
535 596
148 202
573 204
744 252
196 788
35 750
57 638
630 664
153 178
574 263
816 680
545 110
340 704
639 44
272 713
380 367
254 10
333 608
330 33
554 666
495 8
85 267
707 644
652 502
585 557
621 460
549 389
540 259
706 74
377 781
357 148
653 423
323 796
593 70
563 670
208 460
761 554
669 188
65 483
11 107
674 297
327 280
601 513
681 823
459 224
245 293
137 100
564 261
103 139
487 157
222 80
665 331
296 685
48 323
531 622
786 154
290 256
61 14
510 234
25 661
250 815
12 283
735 681
186 576
194 618
601 218
285 321
547 585
17 566
605 173
806 502
129 266
297 620
517 181
378 623
251 27
472 743
821 598
73 520
737 667
560 22
797 130
618 276
447 66
583 188
90 656
549 439
163 196
482 270
252 179
672 212
212 194
505 440
64 770
130 512
591 189
132 377
243 406
688 313
190 708
122 589
7 336
620 214
621 224
417 671
626 544
368 709
420 262
60 651
172 359
263 625
248 5
692 448
159 123
402 643
293 283
115 394
439 582
790 243
503 382
712 799
252 241
487 687
90 257
438 81
369 299
640 4
128 227
701 795
633 522
406 249
228 457
709 502
128 146
275 741
719 742
373 581
126 237
321 498
415 146
338 440
210 389
452 688
217 26
659 111
441 500
539 453
439 716
318 594
502 53
13 790
696 691
736 474
403 503
147 253
60 810
8 768
657 771
233 606
126 752
459 132
720 88
462 139
482 144
120 403
654 208
107 229
495 528
24 89
453 70
653 373
779 340
54 369
250 295
569 323
615 390
809 807
534 515
646 402
173 696
134 710
601 722
781 68
782 114
251 268
306 164
624 183
587 117
662 370
150 29
337 205
454 617
455 192
2 28
499 239
85 690
135 653
744 85
264 458
817 340
491 59
238 494
186 208
259 762
43 496
691 82
640 122
752 479
436 258
701 608
613 718
136 478
673 691
746 468
69 187
53 519
661 824
205 502
540 626
652 673
52 148
812 735
572 610
792 824
577 617
726 220
448 547
732 710
269 64
311 798
200 745
77 450
42 424
579 810
601 691
599 311
747 342
380 661
824 398
453 794
207 133
802 784
34 819
766 604
148 130
443 620
333 784
304 265
582 567
417 231
623 228
436 242
372 6
227 175
138 580
395 229
35 567
571 140
166 361
717 816
204 312
315 458
672 324
527 19
164 555
94 731
497 147
665 798
776 482
650 49
375 214
526 274
213 541
409 104
654 61
57 337
393 653
631 310
189 287
745 92
472 728
716 16
772 258
495 686
115 372
784 773
250 756
282 160
566 694
149 334
169 553
521 476
169 49
429 199
393 670
324 418
732 39
611 260
407 630
457 204
735 5
578 243
816 671
802 744
342 143
117 625
41 75
276 617
134 54
317 697
156 652
358 592
416 439
128 507
348 676
148 441
556 462
41 212
266 17
322 362
123 560
152 465
733 311
28 355
505 368
630 698
155 752
355 351
490 698
143 526
737 449
751 133
526 453
215 637
453 274
666 799
757 324
351 109
373 16
599 475
676 289
373 453
807 227
440 435
95 669
646 488
672 728
547 702
568 484
222 187
626 528
457 254
419 222
684 619
577 733
136 368
155 60
121 764
675 805
748 149
87 773
610 287
251 682
89 673
507 766
241 336
210 695
504 233
466 333
231 666
732 592
81 824
496 55
356 246
729 482
434 245
823 649
399 816
478 640
221 70
560 298
392 631
670 291
663 206
223 568
819 574
750 544
696 510
734 90
771 492
385 471
668 714
116 575
460 134
323 808
413 740
363 385
588 433
510 350
519 288
633 611
541 336
319 316
778 367
572 119
443 77
462 544
691 569
46 591
731 264
350 639
698 6
97 450
649 511
376 572
244 776
680 483
127 762
556 134
419 712
427 750
727 571
230 241
432 589
567 615
417 338
594 579
387 365
523 738
339 753
749 121
531 239
571 810
148 518
774 283
813 372
562 747
713 507
785 806
74 516
51 301
462 205
750 596
157 172
451 777
768 127
589 606
807 310
30 374
4 459
449 803
798 79
375 351
676 786
290 811
165 728
755 683
646 3
279 320
355 275
104 92
178 767
303 19
234 374
732 25
490 301
333 66
464 255
118 22
579 512
283 562
86 496
218 680
171 504
246 202
247 248
394 738
179 328
325 233
216 271
71 501
401 198
42 359
560 488
600 612
174 147
483 709
453 738
121 253
775 653
340 790
218 512
38 641
537 230
23 425
780 433
119 558
33 163
356 694
31 610
818 488
207 758
630 138
544 527
142 71
521 816
207 367
111 171
497 696
573 535
448 382
49 272
506 662
22 77
599 787
297 450
190 137
377 313
307 603
197 57
527 493
144 23
149 241
249 247
821 303
266 174
733 8
806 326
93 596
390 323
587 814
388 32
365 714
629 691
761 253
580 284
653 578
656 452
803 586
570 764
396 797
483 134
429 62
655 261
824 202
272 135
72 490
296 184
282 698
814 83
391 134
305 702
107 246
626 125
152 385
797 154
568 190
273 297
627 486
23 531
648 246
777 470
619 311
270 783
219 766
552 764
117 813
357 580
805 151
766 815
252 464
513 698
660 258
440 677
348 678
818 169
15 819
179 673
46 661
796 720
177 587
253 245
508 99
467 654
425 592
619 300
325 515
208 425
10 243
604 628
290 67
682 794
421 385
464 210
121 266
212 506
657 584
269 386
250 216
492 333
285 759
295 167
575 625
192 689
545 810
177 441
713 530
626 510
37 669
810 9
439 793
462 426
136 621
544 623
712 342
342 497
18 475
432 91
94 203
648 115
23 719
154 522
340 207
216 85
515 184
314 795
703 722
48 358
299 136
64 819
181 43
447 16
177 33
679 49
630 614
108 379
460 441
722 804
818 551
302 97
750 573
634 432
788 357
25 599
759 818
336 364
371 552
794 40
31 329
161 442
806 266
812 50
300 350
106 631
549 636
396 316
635 322
661 179
243 659
138 327
138 144
219 88
310 73
221 503
811 564
349 752
207 585
335 115
431 730
198 691
806 434
718 560
758 762
27 723
162 35
59 681
355 634
579 728
818 768
31 573
552 417
111 117
187 812
224 18
243 664
617 733
82 669
484 598
196 515
732 186
492 636
99 121
706 435
65 57
532 619
308 798
96 331
298 84
703 450
320 725
433 398
306 289
18 343
419 2
83 775
669 20
232 725
394 153
414 267
297 376
554 162
82 75
673 799
