1000 9888
379 314
551 794
453 779
826 375
555 351
21 727
388 846
480 935
289 135
364 701
851 786
589 52
807 125
215 516
341 219
791 933
472 870
733 595
585 944
134 133
510 756
913 443
472 789
750 232
57 893
97 696
248 828
835 426
678 980
130 598
863 472
336 23
919 474
479 451
92 996
630 364
703 496
139 669
956 972
350 455
601 395
822 813
350 342
164 789
102 503
339 931
515 7
348 851
115 584
97 213
840 555
676 177
922 17
698 568
366 682
775 716
353 813
300 236
799 218
275 982
955 72
405 103
176 945
366 900
257 80
765 723
192 555
676 885
577 592
444 785
920 46
314 261
462 693
641 148
950 414
418 295
774 72
166 82
599 957
232 21
515 251
753 501
509 599
554 265
9 211
318 423
857 439
660 918
114 256
6 256
815 618
670 299
928 326
433 792
711 453
678 790
536 779
759 473
434 414
711 346
877 110
414 756
679 184
238 984
958 497
619 699
446 293
433 762
105 869
977 985
304 873
657 811
308 701
165 20
948 939
265 15
982 693
344 201
821 633
991 297
459 648
2 845
269 903
102 403
728 30
474 858
182 120
758 206
705 498
213 715
589 884
700 51
542 698
909 857
767 229
75 695
775 816
23 975
82 137
779 309
67 743
110 587
4 35
978 79
414 491
452 186
404 69
12 386
380 836
492 782
976 963
424 268
834 545
508 224
436 837
458 797
81 114
484 73
341 960
824 486
721 34
318 496
543 761
51 727
488 411
901 447
831 50
545 397
220 865
494 256
497 44
170 90
869 348
212 400
781 682
503 242
450 487
824 179
626 67
38 221
43 873
173 826
183 428
105 688
142 79
218 497
237 435
739 177
740 350
255 339
809 835
539 358
79 545
761 570
977 661
286 901
838 726
127 277
936 346
679 386
238 726
795 129
815 66
658 251
911 735
53 707
862 107
501 17
900 372
790 375
719 407
539 53
575 979
391 472
477 185
482 593
569 724
831 815
154 255
173 49
196 342
470 669
822 678
519 642
611 613
172 495
444 516
62 943
690 364
118 900
516 688
721 578
24 270
300 75
578 538
570 281
550 851
77 311
838 397
727 349
509 844
884 296
794 720
355 570
300 361
418 252
720 420
169 674
927 937
211 943
419 666
727 90
158 373
478 268
850 717
242 186
221 480
742 967
52 143
356 261
234 953
420 570
277 927
223 55
298 154
869 410
854 127
88 842
397 342
27 249
446 765
341 393
660 531
311 545
791 763
938 861
26 435
14 400
365 388
882 558
995 789
874 750
911 563
681 6
431 766
758 20
357 645
467 189
942 14
184 665
376 385
710 26
144 7
326 787
74 200
862 353
719 280
426 913
173 132
84 801
747 35
396 406
804 58
552 19
574 842
93 941
392 912
121 284
49 15
698 266
712 576
592 939
950 230
761 188
607 725
811 556
301 770
802 809
305 327
220 374
315 682
686 399
802 152
380 908
483 234
733 944
831 263
642 400
720 912
480 969
579 455
713 87
817 462
431 634
198 787
113 873
902 193
262 800
29 43
768 165
297 661
243 587
225 980
262 691
216 509
694 726
952 433
551 123
994 564
316 552
339 366
857 372
621 499
678 890
881 78
644 318
113 36
955 919
904 131
616 176
880 258
454 885
302 457
749 480
326 435
164 426
327 142
613 871
496 394
593 636
155 57
504 901
875 406
501 445
811 760
87 782
294 684
909 449
123 602
939 345
71 826
983 995
576 856
597 958
247 757
785 204
913 919
143 814
992 904
754 747
382 656
447 764
852 108
965 971
970 979
53 989
735 148
652 139
510 123
383 715
277 186
615 12
966 702
144 257
271 436
440 920
386 450
922 304
651 338
945 113
819 936
159 203
328 77
770 380
257 87
884 66
797 597
977 289
637 278
425 124
146 937
73 671
803 333
717 303
439 617
744 467
266 481
983 108
21 377
828 895
977 83
596 185
380 118
664 419
369 483
707 7
468 529
177 996
699 635
207 884
493 979
80 376
742 654
694 557
78 774
673 358
503 271
577 194
80 422
577 69
217 211
611 63
264 316
431 176
640 951
878 523
41 174
79 866
120 625
545 526
130 460
648 273
596 175
729 330
568 256
187 370
739 466
304 438
378 523
73 127
831 778
729 612
842 269
723 2
997 623
634 683
227 883
99 524
110 198
519 302
395 444
756 200
516 876
738 716
133 512
605 931
690 683
675 197
920 156
975 702
335 543
674 407
384 937
919 222
647 424
232 227
565 815
638 815
776 311
896 52
128 430
151 401
593 222
684 179
833 623
105 260
712 316
198 859
164 991
327 381
937 729
561 521
726 333
854 374
378 439
475 551
132 268
830 511
375 6
88 704
108 643
660 794
838 130
631 241
691 644
359 530
624 609
307 143
200 861
645 91
332 330
9 136
730 341
434 310
821 954
471 881
165 166
832 493
830 168
193 165
376 751
363 245
145 58
555 767
300 738
709 586
475 654
362 423
269 89
424 940
37 205
554 825
496 289
984 502
861 816
630 119
580 721
898 802
505 326
14 582
533 734
795 351
140 619
400 965
314 791
372 1
944 642
990 259
966 375
70 440
382 126
186 205
791 376
978 417
651 269
803 86
549 422
145 928
610 738
172 127
615 165
279 418
965 310
346 158
419 302
824 242
428 160
746 167
977 849
348 463
256 622
817 336
379 419
508 5
470 899
204 108
658 617
115 413
336 414
798 8
391 722
492 529
935 811
702 484
483 302
925 155
501 542
644 532
821 474
713 737
772 754
215 689
816 758
786 978
734 932
809 627
156 254
838 902
325 721
808 693
365 208
544 351
467 512
351 17
471 932
666 942
730 193
902 550
917 370
216 175
998 323
236 210
462 858
810 129
424 476
334 835
924 409
250 82
53 693
311 593
493 590
593 928
689 673
796 195
882 772
28 373
247 611
676 441
804 758
680 828
734 115
936 454
790 417
459 595
351 961
900 845
980 23
297 784
496 732
151 494
27 804
980 134
35 273
272 77
883 629
75 528
22 121
685 471
633 94
766 258
692 673
417 689
36 141
419 31
331 891
318 943
706 773
266 950
103 215
380 568
183 95
781 387
984 526
968 435
641 371
219 875
977 315
558 488
870 14
798 315
28 991
50 515
245 560
881 807
608 121
846 39
354 929
109 880
146 981
733 911
590 40
735 204
63 872
63 978
671 361
804 513
866 301
474 105
807 281
384 913
134 205
851 557
835 80
159 554
425 436
940 269
616 348
893 299
967 996
933 596
626 166
973 339
461 447
419 919
105 766
696 951
924 490
916 580
169 857
501 404
393 385
303 130
199 45
402 209
577 229
155 395
999 522
819 160
382 536
367 87
343 116
4 188
188 305
8 183
65 442
286 962
88 69
597 46
5 710
724 338
27 994
526 456
641 866
52 599
805 63
165 848
979 260
466 337
1000 809
126 511
386 14
150 95
153 809
705 276
746 680
921 639
116 416
135 798
232 701
953 366
730 690
419 59
153 75
317 712
283 984
214 876
548 68
537 493
242 605
903 170
64 553
722 341
803 110
897 313
341 712
568 728
78 169
81 251
764 920
968 141
306 780
56 967
932 552
721 939
464 156
281 634
194 813
929 294
931 400
384 893
259 891
993 703
868 829
617 251
446 239
546 41
938 335
167 51
872 455
713 697
143 58
401 431
20 311
152 743
281 773
601 952
805 155
892 137
638 637
74 536
754 102
26 679
686 983
674 935
262 835
489 827
899 598
38 6
556 583
117 535
152 901
528 892
156 85
798 540
660 613
554 32
477 751
369 814
387 155
398 825
537 883
847 586
961 211
970 131
207 493
991 299
95 358
297 315
247 555
88 208
567 712
89 697
914 442
131 956
874 438
819 459
503 882
107 45
188 837
382 865
628 633
538 353
699 574
760 433
813 729
689 1000
358 254
987 746
27 705
589 882
127 951
202 346
130 239
707 763
559 378
942 118
567 799
288 879
737 48
172 261
541 908
728 685
948 946
758 537
823 87
789 227
515 838
298 590
428 189
140 585
345 745
987 342
721 774
579 352
831 854
824 633
608 144
2 537
82 715
449 756
360 57
967 654
262 621
147 381
276 863
258 830
703 912
622 288
534 953
329 927
592 787
636 452
882 68
119 111
535 921
152 626
319 718
692 116
843 960
812 957
66 827
919 284
170 269
652 697
464 681
473 852
148 1000
100 733
128 865
47 54
469 384
571 696
644 932
991 271
369 564
486 845
838 502
921 958
127 117
48 243
97 162
525 248
254 188
726 603
344 965
184 878
149 740
831 984
214 970
951 339
755 594
554 747
576 431
462 132
58 273
297 723
190 705
755 880
132 911
629 855
704 434
119 745
670 775
145 816
20 964
557 107
105 52
340 821
141 772
900 56
375 929
16 690
328 868
129 885
688 196
946 984
249 380
703 948
480 926
284 262
787 361
418 476
39 44
701 971
427 278
440 235
39 445
170 60
27 477
601 58
47 918
907 913
503 208
273 28
696 924
90 375
769 592
221 927
866 468
721 447
189 353
339 588
449 28
639 762
61 935
388 425
961 121
633 742
985 115
469 322
106 709
437 996
201 216
69 509
855 754
843 202
296 151
855 281
653 837
224 489
39 854
366 217
249 10
891 695
614 629
425 727
463 43
601 334
344 929
430 447
936 530
75 531
761 16
75 793
250 535
22 864
258 384
480 16
600 257
305 155
414 263
791 415
358 480
131 126
115 693
742 122
637 368
619 269
106 488
105 372
384 116
78 82
116 769
979 645
375 532
348 428
998 408
462 348
439 692
99 607
940 383
564 563
124 506
217 648
308 241
575 157
423 224
815 738
971 480
186 516
61 632
1000 432
621 352
739 536
346 846
294 230
42 71
321 132
428 856
627 608
757 721
649 70
373 728
890 498
880 260
805 93
775 549
505 193
105 799
880 238
493 672
499 799
388 284
45 776
32 814
105 936
677 146
625 161
165 974
424 72
443 740
889 276
725 134
123 604
786 266
74 8
365 759
480 879
562 293
672 365
446 840
467 775
743 375
102 325
620 130
455 923
404 991
279 425
301 49
644 668
257 139
849 561
831 865
528 10
291 191
552 384
571 172
789 349
906 667
250 781
35 248
372 280
964 36
31 399
824 751
966 606
200 137
538 881
745 147
581 829
931 258
107 529
501 898
617 105
410 799
413 76
515 137
949 170
767 663
869 67
65 795
124 30
489 655
734 835
180 23
902 163
834 877
156 257
195 317
805 906
40 762
294 179
646 164
243 553
797 8
47 985
303 323
198 543
440 163
939 315
742 652
673 511
583 648
658 353
894 859
769 920
313 516
540 861
35 799
915 291
679 266
815 314
269 162
472 18
917 790
57 632
813 933
62 491
709 596
265 587
160 383
839 209
307 140
143 622
546 583
49 649
833 241
848 699
705 326
429 190
356 994
524 216
931 644
138 367
899 418
403 673
171 779
193 539
415 396
228 735
248 245
972 199
201 129
708 362
221 222
686 120
231 236
180 777
772 116
106 401
90 570
417 346
381 9
55 456
497 532
522 457
195 221
603 712
185 855
629 916
902 466
806 702
128 49
348 404
134 251
245 780
873 211
23 675
242 149
462 950
673 181
53 155
570 823
420 690
816 603
895 729
787 42
351 43
388 39
890 443
137 225
782 243
964 754
200 863
544 420
431 112
768 713
734 379
94 218
331 132
593 553
981 194
472 494
92 943
458 1
442 650
502 222
145 457
883 893
813 538
407 969
544 241
32 965
640 772
145 346
199 683
596 205
430 133
253 574
74 211
921 624
705 467
28 672
33 778
529 141
126 135
956 324
850 323
797 840
615 961
306 107
141 464
658 698
475 266
955 4
780 233
283 899
250 722
344 659
201 270
258 198
625 919
732 296
138 253
394 30
488 845
486 488
824 679
452 296
110 324
592 579
93 522
804 826
629 616
82 285
569 725
347 131
522 229
246 951
124 471
693 328
735 776
102 570
217 732
380 184
623 108
471 723
932 839
172 739
817 786
716 480
80 322
181 79
605 824
17 311
331 211
441 631
445 71
734 343
270 321
114 560
5 687
619 198
100 611
400 803
576 960
374 497
179 197
731 816
705 26
616 592
835 782
1 534
5 978
563 920
830 646
407 691
193 707
509 297
805 972
292 785
3 350
102 184
547 285
796 616
954 377
719 59
228 614
231 877
470 559
785 545
37 692
884 105
315 318
772 658
101 321
599 710
504 373
585 396
997 382
292 582
314 250
577 816
664 172
367 115
295 246
180 662
915 989
110 211
717 409
464 65
707 159
216 674
329 965
403 30
850 653
744 152
233 661
588 281
699 592
167 158
540 596
315 875
263 651
105 595
638 320
392 107
45 28
677 558
218 436
203 40
994 277
614 970
407 162
960 310
563 312
433 547
91 735
477 826
117 339
887 371
122 59
196 838
336 566
930 840
109 975
457 310
844 646
478 156
406 489
282 171
620 477
1 705
95 413
278 151
49 765
144 215
643 63
884 649
352 298
461 584
45 777
410 134
892 888
884 824
45 922
62 776
693 990
106 152
948 809
310 262
168 353
395 386
49 40
70 390
241 768
21 194
918 176
131 542
68 227
894 83
733 207
71 1000
609 449
883 286
721 655
479 683
851 380
923 667
676 881
988 931
789 62
907 8
96 363
614 45
7 145
732 440
419 633
537 190
263 440
547 885
567 366
370 13
303 353
916 38
21 646
792 701
323 354
713 558
551 826
117 834
59 609
506 715
472 20
874 651
812 693
674 818
511 559
687 552
686 981
363 492
740 422
450 692
416 780
290 813
115 523
557 937
714 936
320 216
847 562
476 555
577 112
47 31
765 823
187 681
178 108
785 28
434 962
811 965
878 872
2 177
940 591
615 589
429 206
135 263
2 32
130 237
59 177
918 540
448 968
638 263
237 316
71 686
384 352
535 255
337 448
789 368
37 763
811 728
449 831
546 391
860 43
226 371
422 970
759 855
390 116
33 681
50 713
567 428
695 155
238 354
224 828
746 209
56 997
823 887
936 385
849 216
522 206
426 315
466 552
566 31
717 417
692 481
701 927
853 281
755 323
423 171
579 17
450 71
808 845
440 209
425 259
962 42
820 188
459 821
553 543
256 547
357 288
120 777
485 720
700 585
128 681
471 315
692 229
970 451
431 727
406 695
815 217
946 344
749 421
307 430
201 663
398 795
932 242
944 889
541 441
114 789
253 731
522 63
164 380
476 446
59 398
60 189
299 835
701 932
574 434
80 818
563 959
269 824
219 757
164 82
685 496
524 818
410 254
193 742
810 895
278 953
766 372
953 697
7 242
775 784
147 78
119 890
500 57
948 912
898 381
477 456
279 694
909 603
552 744
805 666
37 864
922 486
281 278
692 703
195 184
196 135
827 303
422 577
11 821
189 842
230 443
176 347
964 140
747 532
324 355
95 512
590 66
392 994
704 705
264 718
483 450
214 342
949 225
920 921
321 186
890 651
941 637
953 87
90 707
893 501
255 908
525 489
851 993
618 956
929 959
593 362
904 235
522 806
445 213
49 788
549 719
877 50
36 534
825 367
221 526
456 14
952 870
990 994
230 951
720 80
308 625
936 314
829 17
558 593
886 34
545 602
14 263
736 647
218 866
115 706
943 142
247 749
876 163
457 123
519 943
232 821
47 298
162 512
365 819
723 225
886 383
83 126
917 469
582 100
175 598
749 973
941 251
121 288
951 38
366 514
112 621
793 956
301 237
680 266
150 498
634 593
121 514
411 394
336 691
499 189
586 559
879 422
664 173
938 906
408 923
431 913
158 187
343 229
608 346
458 849
892 434
955 495
423 13
171 60
138 143
747 641
877 722
949 197
860 416
309 166
485 421
124 107
894 579
643 823
241 129
80 1
76 557
981 837
823 913
994 560
948 33
51 439
790 772
293 468
352 880
313 494
188 675
874 548
639 671
730 153
504 538
763 320
411 215
710 457
602 718
490 264
39 999
390 803
246 233
874 718
819 67
303 850
931 541
329 243
572 281
369 754
272 29
349 1
653 839
10 737
227 637
515 120
787 767
992 891
165 703
629 122
907 622
947 453
16 161
409 555
154 819
852 334
598 830
111 729
917 406
132 946
831 752
23 535
300 120
618 143
407 713
668 947
850 42
431 855
68 115
952 613
54 58
512 350
475 896
702 555
567 333
360 448
656 541
786 740
531 309
287 561
147 354
67 219
248 258
660 44
38 968
459 357
564 520
108 516
623 167
310 540
459 242
632 586
264 996
462 971
910 351
747 907
803 909
471 523
609 878
441 716
562 816
115 281
302 527
947 726
450 770
948 5
312 863
541 178
542 126
518 642
541 291
429 521
447 254
832 122
606 347
218 568
136 363
523 873
241 248
50 465
359 345
985 218
109 946
827 523
238 686
26 358
154 339
62 632
491 848
344 893
438 539
934 956
496 648
637 769
122 318
16 495
589 926
326 204
754 779
690 498
709 406
204 62
292 810
701 722
443 206
880 875
813 9
46 648
315 377
119 695
229 467
964 26
267 250
327 970
188 810
992 323
10 168
786 697
238 466
864 781
827 371
251 837
289 96
213 483
238 445
168 931
388 892
171 4
642 338
502 630
184 924
608 497
755 322
834 847
133 999
638 525
916 281
703 115
778 262
782 326
513 723
532 361
882 978
22 715
410 418
298 163
338 884
997 483
88 883
658 323
159 914
367 735
939 438
173 838
528 859
11 297
459 845
978 823
43 522
136 440
286 910
378 119
692 119
476 520
687 746
463 818
726 892
821 600
917 921
370 918
353 172
5 619
245 118
282 224
725 188
823 49
487 25
572 193
918 317
758 188
174 29
359 35
272 101
737 887
611 906
545 184
712 595
909 231
794 25
872 793
338 109
236 588
280 782
125 452
1 244
940 993
888 82
232 406
50 539
56 676
418 23
202 942
665 14
225 519
104 720
233 12
345 714
293 874
495 404
777 597
955 963
337 94
393 860
267 887
640 203
203 629
494 84
295 93
613 162
523 134
946 983
485 319
217 689
768 47
379 795
828 803
885 830
798 927
910 757
402 948
483 163
636 491
285 873
505 255
659 164
795 548
958 80
338 969
144 658
346 792
717 823
60 542
575 425
522 807
428 774
838 533
697 315
331 213
60 397
959 991
708 733
252 561
364 27
312 646
991 78
593 523
668 99
620 356
88 109
549 800
753 845
511 85
62 417
912 452
70 988
993 303
758 105
733 293
571 566
518 775
596 227
173 366
871 411
908 231
670 962
359 71
966 437
23 830
837 168
362 200
288 827
736 341
438 237
314 823
412 553
712 734
196 439
974 682
508 609
179 206
699 456
202 736
223 926
224 40
921 118
799 125
103 288
569 932
92 23
37 690
954 958
747 469
186 463
439 915
775 21
427 939
447 420
450 456
72 426
552 596
917 196
337 954
524 490
450 379
103 663
141 373
417 98
200 334
402 758
648 738
612 691
873 169
394 274
379 304
882 169
595 564
720 314
68 732
640 501
659 339
952 455
327 321
788 181
275 90
938 230
646 191
206 582
963 841
266 377
323 422
437 405
190 986
498 993
584 513
895 659
697 486
626 388
364 322
277 958
397 373
736 983
311 659
41 411
829 338
819 164
87 660
627 899
460 554
834 379
908 982
156 787
947 8
832 72
255 487
75 837
477 937
173 432
465 625
49 610
13 7
161 892
164 181
793 547
757 786
39 887
23 82
876 128
680 939
936 53
738 225
818 9
965 950
629 108
697 892
847 438
611 977
586 140
438 201
19 985
724 786
589 684
435 777
628 438
702 917
918 182
25 5
672 812
31 507
244 886
254 240
400 559
662 331
974 201
277 508
855 350
481 531
785 668
682 752
884 254
371 933
396 906
769 416
440 362
706 135
834 582
851 604
101 69
747 735
570 60
220 629
133 858
81 409
579 422
251 809
327 660
544 590
711 562
977 880
118 426
462 968
360 782
986 206
114 261
302 524
569 207
545 182
584 908
70 747
622 836
203 166
28 155
571 803
2 506
386 861
31 901
678 927
530 68
531 357
684 875
203 308
277 549
350 421
995 848
905 568
549 732
714 136
326 178
564 963
525 208
486 820
322 781
605 290
606 685
629 428
710 833
581 329
656 144
451 556
382 244
384 499
202 326
546 675
886 180
698 998
934 750
956 274
942 229
177 413
343 360
14 824
53 432
1 239
495 157
978 73
836 191
162 410
940 909
251 268
385 176
340 797
91 401
722 213
542 888
64 983
266 63
343 63
346 193
209 191
580 90
17 780
152 661
741 41
318 506
601 766
873 865
51 733
802 447
18 494
128 338
575 214
366 197
265 95
968 84
566 319
22 984
739 985
995 291
816 606
341 157
714 665
968 617
697 429
612 56
566 884
683 799
919 353
99 84
526 251
657 888
543 139
249 752
649 236
728 307
526 106
88 914
199 902
93 415
252 975
519 44
122 624
950 18
641 829
434 21
131 196
504 817
930 993
364 357
148 714
629 287
991 664
139 726
580 693
841 295
474 824
308 812
554 580
387 181
32 678
35 201
205 521
707 731
83 213
780 21
158 641
779 413
268 463
462 59
798 433
943 552
140 779
913 525
774 462
314 454
615 160
727 490
768 659
419 469
573 684
940 113
353 585
797 536
245 971
963 272
234 348
47 716
133 752
190 483
506 956
822 228
21 995
864 810
868 866
652 48
428 451
616 730
87 222
152 43
418 361
848 510
834 801
691 856
994 955
493 228
170 169
43 941
392 227
502 706
731 472
34 680
825 147
185 300
189 268
482 374
32 457
485 609
325 732
731 329
552 891
91 982
166 4
596 697
209 615
925 297
393 360
950 900
78 835
818 734
359 642
568 457
423 653
728 271
781 315
585 650
910 161
610 207
192 988
356 839
930 914
787 519
848 759
960 465
465 917
248 483
421 915
553 70
404 592
950 125
339 125
514 299
407 716
709 476
747 25
16 71
962 156
384 443
183 37
742 284
335 158
802 577
451 373
883 406
149 998
704 355
478 882
651 300
559 687
55 412
289 366
497 576
651 189
729 833
110 500
941 300
546 316
16 515
262 461
205 113
765 25
894 359
590 92
349 818
423 15
545 365
673 784
102 586
674 75
214 368
252 35
380 104
283 383
611 556
523 306
837 926
161 469
792 305
265 407
213 297
530 413
217 942
919 525
811 396
596 878
138 638
425 164
695 723
678 892
570 605
311 893
187 819
795 944
601 833
178 914
622 966
684 686
815 290
237 476
398 806
274 272
869 961
144 716
161 898
253 230
933 100
883 905
631 843
9 598
909 507
583 228
288 523
329 241
61 282
796 851
728 9
502 436
240 867
739 141
886 302
657 396
708 323
814 42
676 15
205 721
81 579
758 903
427 603
745 484
642 179
984 576
733 91
970 703
843 396
171 606
188 592
104 523
943 736
125 395
987 464
327 851
333 254
980 603
567 69
437 160
719 830
578 958
336 317
866 755
194 951
717 638
343 26
825 783
94 900
955 412
601 250
581 714
363 933
713 578
150 873
484 35
643 900
630 788
332 239
793 211
668 625
560 330
742 934
825 90
717 156
129 595
846 960
367 232
355 935
454 937
172 678
428 824
303 316
195 607
109 253
476 768
517 22
425 198
526 796
319 550
142 229
92 848
131 372
739 235
173 753
501 228
365 437
956 888
999 954
947 103
792 888
889 308
246 203
619 879
17 175
607 198
679 757
386 124
406 123
852 31
943 832
407 126
748 408
537 513
793 687
813 724
351 661
606 217
681 354
663 438
336 989
653 252
824 962
564 908
790 63
520 527
709 757
633 138
687 429
180 789
538 959
233 850
488 39
836 184
819 906
951 153
577 844
779 8
893 938
254 892
901 629
134 108
797 676
907 428
603 381
604 210
343 62
56 1000
209 190
849 8
770 884
964 314
927 950
987 75
613 29
998 585
682 902
939 125
613 110
925 34
431 681
677 641
878 2
505 408
686 901
706 34
617 389
212 687
165 223
708 763
895 571
363 346
511 802
999 585
970 927
285 711
899 968
311 587
277 727
351 858
303 671
282 895
72 927
568 268
456 550
973 811
959 744
761 142
561 734
301 339
321 573
164 93
37 297
648 387
171 875
813 312
425 527
432 285
13 304
8 369
719 178
336 174
206 355
936 205
941 148
894 140
76 827
955 24
329 407
505 539
125 450
129 61
447 317
487 556
324 903
676 412
671 226
894 505
499 266
93 518
67 119
858 406
168 257
629 741
78 277
752 780
841 557
237 844
20 150
332 160
650 13
959 5
781 997
449 324
836 336
584 265
87 334
489 587
695 527
702 377
522 963
560 274
9 236
651 685
355 942
751 866
270 197
455 187
976 482
977 959
63 310
782 288
126 958
906 386
423 942
796 388
490 572
304 230
30 596
291 724
346 649
972 197
956 706
313 576
332 356
812 926
178 894
658 52
861 731
793 936
499 774
164 268
902 901
972 427
739 432
667 447
299 787
947 95
681 15
26 348
598 452
709 255
611 859
465 549
132 187
236 652
239 543
221 96
3 539
701 822
649 715
135 816
126 167
704 245
997 592
796 669
732 771
48 176
224 42
956 475
390 273
153 743
620 968
567 243
185 945
93 840
167 705
388 754
172 89
29 736
11 93
799 12
90 592
234 302
310 203
133 578
929 419
627 186
811 963
354 810
483 402
870 354
319 248
121 865
177 535
513 93
932 897
686 624
859 76
129 965
459 378
443 433
5 186
48 659
490 838
308 109
496 401
845 386
49 972
464 355
636 9
982 229
214 83
475 613
407 472
65 225
411 797
643 726
679 140
386 597
668 163
178 915
89 20
236 157
915 266
30 179
633 599
795 800
869 639
49 902
45 339
933 146
860 918
165 120
882 762
331 320
886 146
529 269
549 962
789 135
520 216
61 168
535 259
947 187
308 967
738 12
648 380
634 77
248 256
165 811
295 876
961 900
2 518
732 961
948 646
533 528
311 198
277 338
758 789
62 780
800 296
432 293
766 288
35 128
956 264
689 746
468 179
67 755
875 856
694 444
935 898
992 92
560 944
357 870
943 739
73 311
185 973
438 489
646 706
673 608
746 86
270 726
876 725
660 346
113 595
992 442
495 89
25 805
764 918
945 852
485 147
474 420
493 392
389 349
392 463
52 441
751 249
272 777
11 572
829 863
427 183
546 35
823 752
590 296
186 690
952 485
972 984
574 892
242 253
939 161
83 835
835 336
599 155
769 825
877 981
720 16
350 879
147 182
458 308
425 197
28 102
690 775
697 369
554 42
740 929
244 660
578 180
136 415
179 99
416 895
127 377
218 519
202 128
411 765
991 384
331 546
374 386
212 473
344 209
363 159
491 98
608 388
683 608
355 862
302 206
654 355
931 570
719 270
991 678
61 317
502 401
361 515
508 854
126 285
148 679
405 304
44 528
540 397
745 677
799 384
912 44
417 642
733 412
334 377
724 193
706 980
488 553
175 523
270 993
183 108
790 60
59 34
832 866
318 813
513 473
988 125
127 659
129 464
115 251
182 364
71 524
287 867
664 970
591 177
983 811
840 11
822 111
54 5
220 309
911 431
470 821
896 156
881 626
2 531
959 403
229 178
160 903
560 408
100 417
768 245
682 903
855 801
152 346
782 474
233 593
198 749
452 994
437 327
756 603
637 573
462 810
740 474
635 139
104 337
89 35
330 799
293 489
114 694
830 192
254 119
302 409
751 671
473 813
346 549
729 28
544 346
474 973
434 128
442 663
64 141
905 457
411 144
876 36
382 933
73 983
528 651
766 527
745 388
144 132
640 685
643 234
594 644
574 438
478 491
45 828
727 928
321 572
918 419
996 903
188 836
351 648
32 696
404 924
409 2
818 350
747 204
879 571
400 843
498 585
331 805
229 274
949 553
144 320
339 567
392 730
950 141
56 366
664 806
257 400
758 750
561 98
229 500
148 220
195 188
766 165
200 198
897 160
129 222
862 856
189 838
794 728
29 829
233 898
17 861
197 743
381 266
536 399
332 850
445 557
742 781
891 453
987 86
940 288
867 77
525 890
216 634
626 189
885 940
941 906
66 452
537 1
17 520
240 479
702 201
260 420
522 851
100 187
66 948
100 772
179 268
221 921
95 992
467 521
838 520
605 819
416 985
680 630
403 709
407 149
579 956
145 142
147 712
744 652
374 91
891 879
819 250
737 423
568 442
145 31
109 998
321 766
532 758
967 355
315 521
865 505
353 205
877 151
524 748
248 485
690 196
908 787
681 866
246 181
365 670
760 384
832 29
316 422
961 959
265 864
623 995
576 18
207 60
11 737
620 811
992 194
779 740
859 530
533 989
132 986
114 133
950 254
254 219
992 32
498 281
371 93
478 771
580 367
429 325
175 801
452 250
716 927
77 211
542 807
393 748
450 455
582 548
750 714
608 239
2 552
349 927
500 541
625 458
410 773
566 40
750 693
551 956
196 537
648 741
647 489
595 584
264 750
156 388
449 694
102 584
695 509
536 26
683 413
778 507
853 763
971 486
369 72
319 814
19 98
437 703
294 24
799 504
85 237
643 729
962 932
646 476
464 642
997 223
342 871
519 914
130 559
147 887
242 122
209 722
247 830
804 563
200 569
274 270
498 752
429 946
53 148
198 241
715 473
476 499
26 270
799 418
775 515
377 114
875 287
948 609
143 897
713 884
122 294
549 35
145 293
365 642
884 662
331 574
22 100
138 810
466 475
413 736
567 899
515 124
519 540
595 458
334 354
45 917
712 622
213 687
913 681
291 109
20 565
257 141
865 80
866 651
188 995
500 957
179 736
812 705
550 945
976 690
975 396
997 708
527 741
543 200
528 159
659 839
842 499
571 19
111 842
14 968
980 613
927 190
769 52
430 749
159 465
879 454
264 571
907 275
690 993
124 421
531 607
159 614
396 788
169 738
371 708
285 12
356 231
419 811
522 920
248 899
190 106
47 999
48 527
431 260
214 124
623 272
941 569
455 130
549 462
939 305
152 541
798 756
217 57
584 911
14 54
92 850
398 145
809 878
256 890
294 998
408 913
596 610
529 351
730 488
736 224
1 774
801 324
867 177
743 546
502 244
431 184
89 273
201 847
329 258
790 497
406 398
887 707
445 364
892 699
325 214
986 688
607 192
19 683
918 277
79 795
870 562
339 70
784 841
749 623
457 55
762 266
747 82
487 471
883 562
352 442
466 78
943 928
803 213
287 76
883 419
349 259
690 321
837 510
36 339
992 121
386 446
567 427
971 101
241 513
77 155
918 947
371 898
725 863
695 263
399 378
989 614
883 31
333 450
150 664
980 863
396 824
76 292
116 613
4 645
176 402
485 360
18 493
731 590
440 103
204 448
246 591
856 943
640 432
273 697
844 176
920 672
830 487
99 379
156 146
431 280
234 842
406 622
172 644
892 283
171 381
611 357
939 426
247 881
776 432
658 462
53 552
511 812
627 975
666 965
632 951
961 7
800 131
862 193
79 729
170 647
709 562
856 410
69 403
749 305
934 845
197 545
921 546
313 885
795 9
174 950
302 235
641 931
992 985
611 801
648 309
903 551
335 97
853 740
163 304
628 676
370 884
161 797
888 265
814 241
743 181
504 18
819 349
343 555
336 955
476 419
546 706
125 367
126 24
756 285
901 804
187 116
558 101
618 176
211 378
283 921
654 696
453 473
111 797
352 164
780 886
819 1000
489 13
976 521
558 327
82 388
655 747
694 135
962 583
546 134
397 824
470 191
664 197
276 139
564 550
986 496
552 922
534 542
494 203
871 763
310 908
906 352
356 191
449 459
717 162
904 257
246 730
123 13
360 841
490 792
52 7
809 644
57 879
829 729
70 679
752 458
807 774
873 670
782 64
291 679
89 519
630 286
823 500
977 744
463 877
999 623
356 755
395 709
832 116
627 856
134 982
88 224
586 291
168 88
762 96
601 294
474 872
596 50
746 700
528 263
356 928
140 117
914 277
514 294
975 149
724 139
248 196
598 676
603 842
715 632
295 680
957 539
634 376
523 393
512 954
533 988
760 206
690 265
710 844
36 110
346 499
86 19
205 268
368 767
85 854
432 232
395 508
590 897
902 269
210 309
175 304
211 628
30 216
486 398
822 84
897 131
493 418
989 573
556 128
101 45
393 892
46 934
711 804
470 882
290 492
155 982
836 295
315 105
513 972
146 751
243 421
605 951
401 443
807 119
989 880
276 909
777 160
225 995
688 453
446 469
228 277
269 469
255 572
751 667
274 109
493 887
351 105
78 819
530 186
146 179
578 174
32 182
749 471
416 853
436 408
165 240
829 479
353 270
43 598
9 714
85 175
536 757
421 349
705 194
743 398
744 632
122 436
378 794
417 922
670 26
352 689
44 671
852 6
945 428
835 976
123 962
73 249
143 817
296 920
614 520
448 883
837 231
252 749
442 273
741 923
870 881
329 536
69 30
344 563
241 937
809 495
573 414
723 113
466 250
15 893
889 970
693 762
56 753
336 673
224 790
775 117
600 551
300 411
121 658
194 338
275 303
134 22
530 843
15 305
829 861
354 703
727 98
584 500
952 376
491 662
60 781
920 982
523 480
501 685
446 102
455 236
113 925
846 967
464 321
1000 403
668 980
656 847
646 302
61 774
338 909
138 529
748 576
911 958
308 353
575 493
354 227
652 830
853 139
433 752
400 391
98 252
231 440
682 372
352 639
539 261
212 475
748 245
964 970
718 805
540 233
559 191
655 351
549 117
843 280
936 390
102 393
583 346
863 950
900 624
560 737
465 611
662 926
205 609
153 190
465 764
179 590
275 911
240 608
701 749
814 181
372 165
248 107
696 516
12 342
931 120
110 593
954 315
295 449
956 413
280 934
978 69
228 548
154 899
980 523
509 973
491 718
408 10
689 399
67 271
358 306
784 421
931 342
471 113
368 830
632 175
102 823
531 525
292 486
483 428
211 925
506 535
214 332
546 932
276 871
557 434
56 877
357 348
730 998
739 588
206 531
9 245
602 220
983 361
301 368
647 726
706 142
483 27
32 417
584 718
859 340
146 473
332 492
904 245
601 781
687 250
749 626
420 927
807 797
847 784
943 301
342 940
503 805
504 599
384 766
766 851
520 3
888 746
40 168
848 527
679 870
804 298
39 45
391 259
596 212
106 824
718 547
585 782
404 559
38 817
727 787
840 621
179 280
966 477
127 851
604 912
903 452
300 799
841 5
953 707
576 470
742 455
514 20
257 101
21 616
454 620
210 191
656 301
909 597
604 403
558 324
121 729
569 621
16 539
807 415
954 49
936 732
8 923
704 680
233 896
472 712
604 177
554 275
938 493
3 948
835 127
379 299
916 484
574 728
941 631
47 696
485 395
600 542
845 411
955 679
228 652
781 883
873 978
468 594
712 464
342 127
323 675
518 339
539 641
894 779
626 413
830 19
583 841
655 76
365 344
260 196
958 439
81 899
189 91
835 729
912 426
164 271
402 388
131 222
683 541
912 313
586 288
52 580
143 943
403 786
278 130
357 651
912 328
917 553
850 508
210 863
72 900
849 700
129 53
225 122
614 508
605 151
790 11
950 206
888 405
10 553
379 794
287 7
803 314
92 125
607 590
576 306
632 9
907 729
525 728
34 149
162 478
842 556
236 851
298 526
29 878
105 24
358 762
766 199
950 30
501 950
817 363
584 74
341 717
324 333
882 339
522 128
837 521
368 548
350 596
170 230
691 952
603 68
309 209
627 330
169 934
25 650
318 1
781 663
708 905
264 357
734 905
181 791
790 943
939 215
651 603
161 715
208 581
368 401
134 518
563 400
377 677
880 316
717 935
866 355
762 816
448 392
861 572
802 160
524 585
562 660
438 646
717 649
666 685
156 837
317 908
690 230
317 224
931 656
139 557
22 163
336 870
118 856
567 925
605 330
554 536
266 960
28 743
692 654
491 967
37 639
130 179
3 419
560 548
614 363
803 136
362 952
681 5
611 679
906 643
819 946
141 610
381 125
845 910
872 628
263 147
637 300
655 701
362 858
54 60
882 405
260 896
978 128
428 353
391 879
470 812
417 144
514 450
57 377
315 561
355 636
566 10
508 70
55 563
350 673
920 936
243 275
797 510
949 35
255 876
953 32
116 690
817 625
485 451
158 443
91 884
223 339
337 724
484 781
268 978
485 596
363 596
53 304
754 159
829 687
316 966
613 808
48 912
859 504
455 13
666 892
27 266
528 885
197 401
877 244
791 100
5 169
468 991
911 863
1 772
54 464
990 956
316 155
467 289
292 412
757 832
574 270
589 938
853 349
892 693
253 673
821 767
74 84
37 160
791 27
369 656
135 599
552 183
199 588
856 940
480 242
943 829
847 873
462 177
177 827
733 10
227 893
822 320
721 595
57 653
607 491
962 846
822 499
626 720
67 615
153 328
851 289
467 738
655 657
486 452
72 408
309 341
778 204
962 609
359 247
708 13
234 500
591 464
483 431
673 867
447 72
51 691
911 473
343 171
310 976
973 48
186 738
461 284
389 463
216 609
307 586
96 731
406 770
467 784
584 352
821 125
950 659
937 592
260 451
281 1000
467 641
602 76
344 372
683 133
830 116
7 711
14 97
109 221
238 899
353 644
728 393
156 946
592 328
723 654
782 21
737 574
987 375
517 296
259 56
209 937
653 856
729 146
52 609
861 917
963 382
22 777
44 721
245 112
598 444
395 953
37 324
258 147
191 975
197 398
714 56
970 910
648 246
282 396
783 824
378 216
958 407
730 373
961 754
235 501
145 525
354 974
35 42
128 856
756 32
684 325
667 561
944 410
428 11
525 691
451 186
127 513
519 405
153 292
390 75
276 38
495 402
445 697
930 39
931 450
717 493
115 359
78 281
428 440
168 137
950 349
314 435
703 959
426 169
229 804
604 976
939 93
402 961
310 734
259 600
151 606
501 533
122 986
360 843
783 21
588 211
458 504
521 30
907 793
967 169
880 273
263 637
700 612
347 756
576 570
351 132
456 872
678 55
363 207
352 585
723 682
705 75
929 515
677 229
944 796
389 665
528 603
841 484
1 622
74 108
112 311
957 311
781 105
38 382
81 713
339 241
480 624
41 543
100 313
987 914
728 767
713 109
552 429
275 966
572 944
998 126
931 97
34 291
883 266
437 99
499 21
392 761
818 419
231 762
474 349
992 402
884 224
775 19
172 228
157 344
270 617
920 222
59 698
834 636
102 764
612 697
484 52
843 583
950 313
361 563
682 971
440 434
238 76
996 168
43 127
337 862
212 926
873 828
160 817
454 567
569 348
811 613
898 783
99 292
6 272
985 267
952 444
795 518
726 242
216 375
913 439
59 276
165 258
653 557
839 454
143 383
184 260
260 185
377 277
986 953
299 994
336 852
1 680
292 377
937 100
494 771
260 991
299 883
566 371
153 902
932 23
546 951
72 594
236 349
936 59
810 540
577 319
154 24
853 666
40 415
352 393
575 877
745 606
852 486
31 195
602 781
35 132
509 197
51 600
295 590
791 325
358 42
128 913
654 313
304 364
383 978
96 244
944 418
798 285
964 45
547 31
414 10
767 952
737 381
405 845
119 601
710 851
748 188
335 701
251 702
508 71
935 107
972 758
440 479
370 32
331 873
869 74
872 418
319 105
358 961
163 757
815 649
191 163
393 120
911 154
142 944
454 531
990 609
316 592
29 181
303 330
30 758
323 392
363 599
237 50
994 751
427 486
375 420
35 953
166 65
939 323
652 824
672 198
543 957
91 642
256 893
387 133
886 835
585 756
821 988
1 795
808 405
844 339
94 118
459 823
499 962
691 448
514 603
303 231
809 13
203 298
131 25
320 78
277 989
844 561
205 829
494 910
830 612
444 167
338 350
529 15
13 438
225 370
933 357
457 52
19 797
663 92
874 463
984 259
378 542
809 440
164 580
514 159
249 660
15 851
566 737
202 546
701 604
695 109
634 545
681 359
123 105
91 381
736 98
805 750
580 162
250 921
713 263
437 143
989 498
257 313
404 56
281 435
33 274
821 297
200 317
309 453
773 438
337 900
379 257
799 925
444 843
767 690
281 730
684 166
816 886
764 148
581 570
233 708
159 724
570 845
599 202
167 350
189 482
744 103
229 993
986 172
971 304
644 362
378 902
274 368
997 907
428 793
285 928
596 530
981 88
818 647
636 898
505 128
30 799
677 192
680 700
643 304
153 604
95 295
210 599
191 757
265 622
487 129
948 437
148 865
10 846
746 564
620 29
732 615
624 88
37 323
938 542
126 317
219 717
182 499
499 365
597 748
340 379
896 641
809 404
295 641
957 756
101 626
783 936
655 634
132 994
828 263
966 243
983 997
215 351
951 75
337 181
709 149
642 627
129 161
267 928
172 1
552 639
807 409
681 797
587 129
797 643
500 517
416 418
55 709
263 504
143 166
91 145
648 604
793 405
812 343
996 180
281 681
393 39
746 479
35 3
551 250
399 121
208 994
526 524
412 244
427 92
252 507
204 410
53 198
366 375
830 390
393 257
749 206
949 316
806 159
795 938
373 714
523 635
416 989
532 3
523 712
526 257
344 111
696 132
26 217
597 76
74 395
248 634
280 538
875 311
865 203
306 249
605 499
625 413
311 328
351 603
466 499
970 931
576 22
840 395
715 637
791 288
478 741
391 214
283 969
768 599
179 648
988 178
955 59
573 488
496 772
225 346
448 679
289 741
988 33
435 931
590 789
572 800
745 300
48 76
953 447
898 456
63 646
172 229
488 146
16 174
651 740
627 129
615 416
285 435
432 969
181 194
317 311
940 369
836 290
929 128
696 757
919 805
351 295
171 69
997 241
526 633
873 803
271 102
73 811
459 206
498 808
816 653
48 615
656 870
436 214
578 395
53 365
378 357
450 822
269 466
859 414
164 760
238 969
415 805
543 872
255 654
346 630
133 436
780 795
69 566
252 620
519 960
577 99
668 94
766 873
834 114
571 653
273 194
934 825
601 869
889 290
743 395
302 183
400 203
588 692
365 749
131 77
832 206
26 189
615 717
16 507
843 462
849 781
68 423
639 168
16 10
476 156
260 653
466 102
14 948
448 532
6 919
776 882
194 751
193 960
860 88
770 368
112 784
8 887
881 789
836 209
988 948
186 490
663 620
299 185
101 253
30 59
768 865
819 850
772 776
438 268
497 832
59 729
362 634
129 907
599 944
964 339
12 832
142 691
734 841
493 165
755 366
26 904
787 844
214 1
143 15
644 480
522 900
247 75
198 533
420 535
939 309
119 13
263 887
638 122
697 267
271 280
544 402
838 596
804 972
948 545
817 271
965 607
390 884
736 531
686 461
912 500
839 203
697 598
221 272
614 713
800 230
676 484
325 210
629 260
748 228
725 888
154 458
283 738
819 468
602 972
182 532
473 656
975 217
634 477
732 930
185 673
461 756
546 698
197 202
880 964
286 368
234 65
931 125
804 245
715 914
220 492
186 172
22 286
957 945
546 412
707 207
534 421
974 44
522 405
461 935
593 820
30 416
276 12
134 102
7 236
210 504
564 735
968 212
72 489
751 171
132 579
519 81
190 345
663 825
615 488
466 545
964 288
622 444
56 861
68 856
134 128
865 305
284 309
492 432
447 808
405 691
209 338
835 162
912 901
704 616
740 109
208 918
852 679
299 353
337 566
411 811
375 26
947 653
507 130
774 878
623 304
511 714
866 455
995 185
905 129
228 296
263 859
839 504
485 406
166 98
657 881
51 158
677 382
680 558
401 51
330 875
147 691
611 502
27 153
691 430
213 190
933 85
681 132
106 517
236 384
921 550
350 392
317 833
780 351
933 439
131 901
904 643
69 119
304 511
876 199
663 240
215 807
670 227
150 18
26 100
249 837
893 516
966 464
349 498
23 881
82 207
779 767
413 597
125 363
282 487
241 886
383 695
925 25
816 376
923 572
513 312
253 135
366 990
335 929
466 848
585 414
272 537
275 650
684 470
703 586
318 556
101 164
102 839
61 696
197 593
932 516
827 294
422 638
868 666
177 749
548 500
732 377
368 940
954 943
39 195
205 215
902 71
890 801
318 270
358 575
588 408
826 357
938 379
349 856
445 921
137 472
138 867
413 443
128 309
6 298
725 706
618 530
975 484
214 73
15 8
200 647
276 612
170 35
883 435
691 639
881 93
539 563
230 834
691 748
740 498
577 560
826 665
833 131
70 612
145 129
851 955
259 393
100 533
174 756
206 233
967 457
662 537
520 34
886 59
724 322
562 677
728 133
101 509
374 466
377 202
378 885
348 861
495 542
520 768
772 437
504 195
715 751
690 722
314 844
767 211
969 104
719 156
171 986
279 527
796 667
598 943
215 397
126 56
550 910
737 117
408 167
85 993
339 465
766 488
456 147
759 865
177 303
766 123
306 653
128 213
384 79
422 523
651 3
584 254
693 388
396 926
91 478
438 289
206 829
580 10
600 840
730 699
52 419
471 427
114 164
244 747
671 482
270 393
494 235
99 729
545 471
29 62
730 989
12 812
363 732
38 820
114 390
260 502
806 828
454 580
441 703
649 482
78 644
617 438
946 676
969 797
351 85
632 789
799 961
411 896
91 696
916 575
867 11
939 502
905 298
304 891
437 824
969 639
43 586
83 745
100 521
655 323
311 393
574 273
387 73
912 424
669 547
88 192
362 483
255 128
249 132
558 997
168 862
71 360
671 590
105 39
801 836
537 558
296 924
610 250
789 384
365 782
757 60
994 29
106 594
191 820
582 185
430 826
605 248
845 681
365 927
115 884
412 551
558 54
980 396
7 794
841 962
803 292
487 617
352 651
131 520
478 849
693 710
271 528
655 606
970 521
885 442
962 745
86 529
841 828
111 966
349 589
564 594
63 803
287 683
592 517
759 619
245 829
284 675
945 735
829 507
275 416
60 922
650 124
803 598
371 717
741 142
946 870
380 250
678 689
238 136
369 111
886 564
541 103
579 204
427 331
411 846
116 629
42 46
333 541
83 822
670 420
820 81
576 757
317 489
84 468
85 125
274 476
131 381
429 512
670 582
749 439
532 547
537 895
554 167
776 245
429 245
455 701
477 901
886 99
669 519
47 407
911 187
24 972
623 832
68 400
605 314
274 928
44 526
581 305
73 106
515 95
992 784
634 333
637 634
50 778
642 70
435 764
555 811
187 111
957 607
944 354
232 532
196 503
253 226
292 930
96 35
866 539
524 245
138 264
995 305
175 887
412 194
55 477
632 68
760 121
44 82
836 54
766 179
407 761
788 305
220 307
917 147
793 157
99 930
726 648
52 500
380 969
533 99
882 263
349 962
618 285
727 173
306 492
937 699
42 337
189 542
427 137
251 973
358 995
694 841
939 114
831 32
543 636
768 378
107 435
518 426
761 889
942 806
143 484
401 269
915 106
217 580
661 594
700 999
459 102
132 128
5 414
428 795
342 817
659 113
825 345
994 352
276 679
78 879
155 478
912 563
291 654
204 897
977 647
195 862
717 765
520 7
501 114
374 480
359 372
287 491
623 759
297 259
162 291
982 594
571 549
292 2
41 774
95 479
278 85
939 877
559 460
62 748
84 940
250 404
788 802
595 280
905 830
488 764
560 528
262 456
513 398
269 528
788 512
510 188
628 327
633 175
435 841
58 404
595 231
478 809
529 565
182 61
475 37
97 7
372 278
445 104
198 271
935 678
632 207
7 211
405 73
358 685
910 868
236 872
3 952
337 998
696 731
39 83
314 238
152 269
171 91
445 920
172 944
525 884
584 304
513 788
146 279
414 746
480 793
651 674
602 188
33 143
338 958
156 243
234 939
652 883
563 440
514 844
736 964
332 355
540 920
100 903
375 287
947 902
506 90
237 282
883 930
259 392
578 246
891 869
15 689
10 913
13 26
415 666
136 699
239 695
867 426
766 700
269 850
149 780
847 421
939 998
944 716
137 259
720 931
538 220
821 800
533 999
861 442
484 499
84 533
802 968
729 728
736 76
111 828
42 981
871 854
981 275
915 520
977 327
12 632
513 37
896 171
751 381
440 343
578 965
171 409
997 29
915 787
215 48
384 878
976 776
314 483
464 60
686 635
637 215
103 799
164 949
56 790
879 142
352 339
236 880
873 154
360 140
198 668
158 466
750 8
218 153
661 537
651 607
381 768
43 19
894 811
290 941
50 38
312 845
261 232
739 870
833 253
49 814
538 278
471 863
978 869
212 349
766 796
13 860
485 879
826 813
682 925
8 164
925 551
137 509
911 756
408 857
762 30
25 348
140 304
348 691
59 448
114 813
286 745
733 256
768 137
331 564
595 355
723 790
995 541
58 763
774 733
300 895
897 806
310 285
442 141
337 465
932 754
598 820
452 38
235 446
55 75
430 782
496 802
371 142
581 15
698 813
715 889
989 378
295 425
225 469
550 261
970 771
148 189
524 304
525 585
935 233
505 822
651 539
937 973
936 664
497 838
778 167
207 822
648 647
901 315
523 249
894 153
788 227
437 507
464 439
595 441
323 508
821 101
455 235
743 916
670 282
588 135
237 47
517 141
935 178
605 53
276 541
117 617
423 926
544 258
484 664
748 957
270 55
976 304
771 863
570 744
114 540
577 220
705 903
891 956
106 668
30 806
32 24
701 179
83 644
504 943
268 274
396 223
415 717
182 712
866 101
294 762
981 276
567 735
1 570
845 988
574 413
248 291
304 469
982 934
913 852
439 505
92 869
408 595
512 857
286 596
72 960
783 800
175 703
789 419
296 776
638 306
819 756
619 419
89 832
721 599
22 284
101 317
267 103
362 811
326 646
922 393
401 826
612 542
918 949
902 462
500 556
637 445
591 185
671 884
789 968
132 589
630 315
868 887
9 286
51 695
234 515
647 303
172 25
229 780
752 887
380 168
551 211
342 994
132 355
190 185
449 481
947 542
323 472
200 621
661 480
440 220
702 212
597 482
714 654
513 553
401 279
882 968
757 748
830 120
227 5
156 31
928 224
829 288
501 351
976 930
32 132
235 655
492 118
934 101
142 336
22 547
973 705
830 858
722 963
584 800
415 528
472 506
400 375
398 998
938 763
649 868
100 706
992 371
670 861
529 95
823 684
890 962
889 73
227 558
892 836
754 805
280 218
219 639
914 693
220 172
227 780
733 106
955 16
573 449
283 353
44 273
102 743
15 944
254 537
453 451
201 848
150 659
918 887
22 312
335 931
305 340
259 795
665 20
315 671
674 346
533 21
147 454
292 677
849 160
498 462
171 444
38 229
950 422
509 718
670 47
811 876
719 623
56 891
254 610
332 216
479 795
150 809
980 1000
99 268
742 614
768 327
963 740
234 936
51 335
331 207
353 395
388 414
467 511
428 911
359 693
415 615
566 685
353 484
62 476
1000 541
929 519
587 111
364 156
240 914
923 302
265 911
72 683
228 40
571 723
184 569
166 505
403 793
406 72
154 401
819 481
987 771
571 576
218 792
439 432
728 933
197 110
453 244
532 937
992 874
735 738
439 33
331 664
206 468
814 23
374 542
235 324
842 228
664 764
184 902
205 548
956 380
885 130
466 16
305 150
828 294
850 170
615 110
874 36
845 997
629 830
133 569
621 894
538 878
43 452
166 797
82 354
712 53
256 11
845 647
333 51
525 949
765 16
91 65
897 310
423 6
685 687
121 986
518 81
498 212
815 753
651 880
564 439
584 301
911 130
949 123
57 179
699 620
132 315
449 425
105 607
420 766
246 312
212 632
325 679
566 623
717 977
612 249
608 789
817 863
535 581
717 930
187 955
4 19
578 168
824 931
308 681
476 603
757 966
557 970
231 483
285 647
204 601
425 796
771 912
106 603
544 359
415 377
307 156
919 57
334 587
207 251
466 323
908 814
839 774
921 397
105 651
136 551
672 745
468 388
898 103
490 111
700 634
480 457
465 283
62 903
470 724
698 955
736 250
442 125
177 504
489 62
422 986
168 517
703 575
704 503
565 570
31 370
803 493
385 238
208 353
209 56
427 897
430 756
234 413
200 261
736 3
94 909
298 894
707 214
559 793
357 465
195 10
566 15
452 507
114 198
955 516
388 899
206 654
146 144
211 884
640 60
589 119
536 125
351 260
8 694
782 454
159 308
807 17
699 648
830 498
209 388
707 389
947 690
414 597
329 719
539 588
88 866
276 112
389 938
194 274
550 223
294 793
585 760
640 535
754 461
874 646
917 906
478 356
796 793
49 644
636 600
529 114
986 699
862 14
97 144
67 808
467 2
984 408
70 173
784 654
236 701
787 695
314 659
225 52
45 865
362 406
529 156
733 404
476 99
666 479
462 186
819 759
289 576
107 313
993 184
171 548
188 926
652 45
638 130
625 789
440 579
598 412
903 252
82 8
175 881
988 996
976 548
25 152
262 159
447 401
93 569
195 89
767 553
733 969
309 928
225 722
267 981
902 233
25 555
686 688
67 160
506 640
656 899
682 911
76 178
51 596
566 309
886 534
759 284
905 53
601 998
285 779
569 128
381 674
916 659
260 546
403 320
55 607
449 2
711 302
342 823
713 929
540 950
498 593
564 60
123 324
530 252
463 918
763 148
66 956
801 439
172 921
566 881
808 373
844 371
971 217
723 514
286 772
586 310
472 362
348 709
629 372
667 91
326 148
808 147
994 162
273 758
173 383
675 709
88 297
54 514
183 938
885 60
303 637
487 496
386 379
23 882
119 985
135 852
658 687
552 438
680 139
790 982
756 190
171 512
906 757
213 767
992 166
585 50
950 234
110 631
182 128
220 499
955 128
851 339
391 908
171 924
610 361
159 257
362 671
492 866
788 471
69 939
76 609
498 463
623 249
249 800
432 801
973 126
497 781
958 914
134 208
707 174
74 785
475 882
522 121
831 241
963 969
466 659
116 759
601 593
764 43
724 778
602 70
986 29
826 578
783 948
47 957
299 334
816 628
946 703
29 377
550 609
38 233
539 564
556 622
425 244
598 17
319 528
468 830
42 876
715 215
625 384
312 802
568 886
481 701
263 969
625 38
471 810
956 842
298 428
726 804
71 145
917 849
22 959
596 16
250 212
676 424
550 449
438 559
316 463
580 780
122 266
857 853
749 671
532 827
249 497
865 354
205 961
261 959
649 609
335 66
212 255
625 610
109 657
936 211
261 960
250 768
709 450
233 409
417 578
490 8
698 565
737 25
476 43
228 644
245 738
106 56
550 909
901 769
832 674
638 218
310 81
920 261
651 183
215 236
845 885
777 749
975 726
589 368
510 523
171 411
870 283
582 687
752 383
371 752
635 527
67 235
552 893
795 767
759 678
99 883
109 493
91 878
937 514
366 420
681 987
208 849
355 2
105 751
554 428
960 587
545 167
658 510
834 373
402 192
494 554
151 863
136 492
504 550
698 85
640 524
218 552
57 622
5 293
475 84
985 202
744 560
553 398
58 820
40 215
972 448
436 871
464 823
71 266
58 935
205 788
316 467
88 370
876 251
414 140
474 855
861 841
495 575
991 730
831 945
832 113
467 733
434 821
491 812
240 748
168 345
97 85
775 686
123 825
417 622
440 825
417 205
922 21
337 471
249 643
842 360
439 810
903 155
979 849
176 930
463 223
168 81
953 622
332 605
738 568
388 735
280 960
494 969
949 922
755 935
285 482
651 966
675 166
180 712
290 408
440 373
771 731
704 662
100 295
195 13
842 812
683 352
668 724
636 320
176 494
617 247
252 89
613 112
996 72
941 953
1000 11
468 545
513 850
635 777
69 867
927 651
200 706
735 306
5 423
62 40
63 369
50 35
611 369
167 407
977 527
541 134
359 623
652 274
576 615
543 717
736 462
325 956
198 186
839 199
738 148
952 921
956 993
897 605
505 457
782 861
92 767
746 620
84 907
321 559
163 284
115 567
210 801
432 363
128 596
400 969
899 289
685 272
983 623
250 593
508 589
828 376
500 921
638 131
987 409
469 930
733 181
675 320
884 7
995 617
465 407
763 898
488 816
585 486
470 608
966 549
551 649
989 348
827 417
707 919
998 138
413 768
181 356
663 908
393 812
584 57
379 407
986 373
569 715
91 27
663 483
699 856
704 754
561 863
431 605
548 547
966 854
955 547
669 273
694 506
309 226
406 772
975 861
379 98
380 281
807 52
29 666
337 554
160 237
949 291
454 899
476 847
882 966
666 811
460 304
208 793
949 340
933 895
207 638
670 534
342 935
71 31
610 847
203 495
277 876
632 959
796 88
967 481
681 136
463 774
299 801
47 455
710 269
639 441
896 969
948 434
701 70
136 642
448 148
375 360
69 300
969 278
754 278
780 298
415 449
842 127
734 161
496 575
747 54
468 445
306 304
538 199
633 195
909 876
277 2
7 409
712 829
894 5
875 680
441 319
628 96
21 126
168 734
361 179
148 119
812 46
134 70
319 206
910 935
536 408
759 556
726 415
789 587
489 672
884 479
595 548
651 243
428 581
546 96
506 677
547 649
698 295
976 77
677 683
225 558
494 301
647 871
67 844
687 518
501 543
302 736
854 29
216 353
234 918
843 780
881 81
913 684
429 675
801 368
828 456
344 453
400 439
843 925
790 740
408 930
338 735
193 224
601 227
285 560
770 656
189 222
611 22
188 317
886 140
411 198
340 224
485 985
986 606
329 369
610 194
682 311
648 507
795 124
852 891
134 974
302 156
625 263
496 493
792 954
136 702
748 75
508 800
435 490
6 755
151 510
636 752
914 516
202 306
922 11
745 59
961 551
357 918
553 557
177 240
533 108
400 785
774 647
44 41
887 854
581 135
36 268
555 884
422 813
349 323
558 393
512 545
159 198
290 147
928 785
485 20
430 623
966 621
936 528
931 410
760 948
715 345
50 642
641 109
609 657
81 24
959 333
30 83
573 91
404 364
428 410
863 630
609 627
96 554
703 985
636 428
639 991
638 742
864 559
109 362
850 526
688 509
925 480
33 168
554 282
649 486
906 415
416 911
644 303
368 392
298 367
448 272
1000 349
69 672
545 669
414 551
1 896
990 824
297 45
812 884
526 190
895 997
739 73
501 134
763 351
974 278
415 746
736 705
75 881
739 470
772 522
151 60
706 693
398 591
165 832
371 435
191 956
642 348
20 643
352 312
6 735
603 817
984 301
567 922
520 911
188 773
743 245
850 393
370 519
206 161
979 995
693 849
628 442
332 719
601 931
701 562
943 757
233 150
254 252
457 606
132 822
940 925
689 411
671 31
569 573
208 355
997 941
194 116
90 843
292 767
964 201
103 687
677 944
640 326
293 935
422 277
495 321
928 394
376 695
30 478
752 846
859 162
994 903
617 547
988 879
434 448
465 318
587 540
532 235
424 721
241 88
226 748
956 282
393 243
13 522
379 54
677 611
308 506
56 19
184 200
807 992
10 541
282 733
673 388
216 345
894 842
751 711
956 557
539 511
501 376
853 147
29 465
838 585
506 46
640 634
835 521
680 710
532 559
187 566
994 442
387 24
500 439
541 423
377 420
188 84
335 487
649 669
675 602
583 189
35 507
454 499
681 77
207 217
303 746
876 216
182 489
19 803
719 306
187 389
116 357
101 759
898 73
528 886
24 614
386 149
461 751
453 347
55 59
992 131
519 648
262 371
173 694
799 168
837 485
550 970
537 473
560 854
409 846
547 80
841 883
642 868
736 119
223 875
684 495
741 746
153 337
837 263
73 682
141 686
155 840
159 444
402 675
829 776
371 826
372 609
48 375
677 852
309 112
920 907
479 800
869 104
410 596
821 610
698 256
972 871
902 697
246 580
670 234
854 391
268 798
354 445
482 358
941 813
564 280
783 62
346 777
575 440
133 213
635 133
238 710
821 792
368 464
316 848
958 387
808 488
311 559
356 704
51 18
18 825
198 255
222 41
465 788
890 31
598 324
781 156
452 534
610 174
866 4
55 692
407 990
980 12
691 83
641 954
913 957
805 231
607 303
554 953
115 613
139 437
212 229
840 518
236 675
41 923
283 626
488 736
486 95
359 167
219 624
834 495
97 803
554 731
900 995
799 615
524 951
175 561
988 164
112 639
831 686
728 665
68 154
254 165
190 564
645 506
666 211
44 163
104 590
720 616
149 168
841 760
659 421
897 190
366 829
828 978
975 621
198 906
492 755
340 430
972 677
114 189
847 741
63 244
670 36
85 524
368 560
171 95
834 821
266 313
769 646
129 615
591 723
117 780
150 927
946 810
530 429
90 468
40 673
627 743
42 330
227 213
389 206
262 596
341 69
679 957
722 640
449 236
431 436
35 887
786 229
139 789
88 971
70 815
677 285
576 928
862 405
498 706
706 319
869 977
502 154
961 897
259 29
353 362
100 737
785 69
588 654
867 321
207 224
335 479
763 400
377 205
235 27
474 881
861 867
612 511
723 894
218 244
286 512
588 620
644 686
59 134
698 563
129 372
511 412
328 244
827 10
704 383
229 316
55 400
883 275
851 369
229 397
270 705
128 170
275 685
81 142
965 426
767 530
751 377
772 786
555 418
917 215
96 461
168 842
647 731
907 481
820 518
927 994
470 139
396 874
276 176
457 883
302 944
928 623
894 738
328 543
316 724
333 274
43 784
437 276
856 452
132 294
564 289
801 49
233 535
796 332
925 400
319 673
13 630
344 307
769 939
721 395
481 622
282 549
669 875
29 460
226 206
557 950
863 90
848 929
958 298
905 446
513 477
692 850
217 374
92 614
74 425
348 536
900 359
130 542
62 590
529 395
911 609
550 483
538 491
488 713
35 431
883 691
993 439
520 801
443 978
390 575
942 504
121 236
442 294
595 468
689 815
836 938
505 766
879 532
275 890
40 277
81 959
500 903
192 496
177 108
875 853
509 79
400 653
257 52
81 968
44 212
907 222
620 551
970 562
778 646
170 964
132 823
23 666
742 22
105 83
253 59
607 840
793 132
742 225
745 131
158 118
271 829
438 262
168 806
431 853
901 295
890 866
85 452
211 889
582 792
290 376
110 105
676 880
298 927
928 506
531 839
972 979
674 837
15 625
125 549
618 70
349 632
247 246
138 518
123 460
604 693
91 618
882 819
204 779
691 299
807 591
711 212
877 236
881 233
23 310
777 310
514 675
94 121
715 789
948 472
844 729
190 575
675 605
392 341
145 366
843 275
844 552
264 528
995 684
781 89
567 988
844 959
335 4
971 756
692 763
236 719
383 264
130 252
884 867
857 989
850 335
278 940
563 846
828 539
822 681
1 127
520 571
120 172
508 446
254 142
202 557
396 68
284 847
125 419
508 301
276 411
362 628
393 705
86 566
656 329
489 424
141 783
116 990
668 788
232 326
142 631
845 140
919 901
161 79
34 951
808 161
309 127
534 520
975 942
210 887
962 283
565 942
656 902
986 405
553 878
845 494
994 936
316 668
902 895
975 863
815 682
781 838
712 445
455 203
347 450
238 105
639 199
248 937
673 54
692 470
164 687
271 213
965 474
756 989
788 885
27 369
728 482
736 558
929 797
384 826
972 213
4 71
226 979
928 83
711 184
476 623
691 937
648 114
78 995
736 451
574 812
749 406
87 851
348 593
420 870
517 272
900 424
339 782
511 52
97 832
369 731
729 267
912 357
640 788
715 360
787 615
258 107
739 382
202 268
598 551
790 133
17 589
571 425
473 758
348 998
562 108
488 737
735 539
427 526
844 1000
951 467
719 55
174 376
984 516
713 202
200 19
951 64
111 807
681 612
276 456
477 473
851 340
120 202
319 490
637 379
628 98
835 365
461 69
82 378
335 604
29 641
681 774
521 761
997 996
68 968
569 741
972 678
20 43
369 383
722 317
846 522
941 733
376 641
677 887
146 641
842 866
646 50
258 787
502 684
219 621
833 458
206 628
742 538
599 231
506 274
125 636
972 27
214 838
104 297
604 718
164 707
318 132
661 625
829 751
260 62
759 402
725 302
826 675
667 365
522 696
942 545
326 638
805 471
56 298
221 688
921 746
494 764
51 113
622 760
420 154
683 532
869 801
345 807
724 879
89 879
4 115
459 581
969 730
466 347
709 685
675 533
583 132
145 310
143 807
19 749
425 710
889 105
72 909
823 298
681 277
476 183
116 350
80 924
982 861
403 619
836 966
250 663
325 327
73 438
111 714
383 593
500 979
263 17
862 513
721 659
774 423
67 289
358 352
168 154
253 22
606 522
249 332
646 877
206 916
621 779
803 322
147 486
755 125
572 541
974 409
280 133
380 14
595 597
366 586
756 704
5 174
371 610
941 594
394 407
45 283
328 623
87 703
133 10
924 779
46 524
443 636
252 278
971 352
790 932
983 253
976 442
407 492
305 438
322 196
820 123
147 787
313 511
649 117
178 903
364 189
821 863
661 774
463 986
192 913
363 286
934 161
28 271
725 36
1000 637
759 978
772 815
863 234
244 602
473 524
537 903
168 62
351 535
173 307
549 554
897 543
37 260
478 430
987 949
602 866
54 713
524 484
935 848
865 252
357 437
213 692
533 917
59 18
581 121
624 468
951 27
441 470
370 404
956 499
850 138
45 172
11 996
267 126
868 634
85 880
927 163
785 654
146 916
147 405
383 939
665 464
632 157
211 538
505 825
347 170
186 356
295 138
910 925
512 476
552 973
523 252
726 453
143 231
741 687
720 238
630 865
981 761
894 622
513 974
238 146
920 847
740 112
299 378
816 672
125 548
643 657
494 491
707 77
713 905
401 191
19 248
223 120
187 987
743 710
609 165
553 350
37 117
15 929
259 455
776 251
740 692
745 998
762 972
321 770
197 383
714 811
937 72
687 124
344 844
363 24
456 646
467 6
422 85
141 249
110 914
558 890
33 893
941 916
738 348
883 575
314 782
131 844
462 190
505 665
61 245
922 240
465 379
83 180
871 183
228 558
484 432
466 871
570 273
814 25
646 666
25 156
33 146
488 834
916 91
403 136
547 769
531 644
594 895
494 58
370 124
703 898
885 811
228 98
507 445
289 226
532 26
631 444
559 270
359 857
584 361
220 845
422 17
446 422
134 421
696 914
90 353
612 46
762 671
782 192
674 985
648 795
189 220
504 754
229 715
838 683
562 363
549 684
391 51
188 276
857 931
630 184
631 913
529 449
71 318
753 803
610 172
993 284
790 828
706 763
929 637
770 860
420 69
524 851
887 553
891 554
490 385
668 152
210 768
361 372
287 132
54 689
755 548
865 36
686 58
157 696
984 662
399 162
474 556
720 844
77 449
131 569
50 633
119 842
874 205
25 207
742 76
524 151
48 88
234 319
272 528
862 949
332 608
12 594
604 20
56 546
890 953
524 501
581 740
530 886
68 969
548 499
626 975
842 784
977 127
815 875
356 76
949 897
769 363
163 548
534 533
210 471
401 1
427 376
636 506
857 451
731 470
324 896
385 306
275 188
891 172
702 874
344 345
454 994
367 659
62 231
943 346
88 862
307 252
977 596
373 835
283 103
66 877
319 621
895 851
493 571
117 511
616 562
265 946
758 487
378 781
631 447
232 918
340 959
705 285
139 467
734 128
610 402
59 152
745 617
876 22
657 291
510 115
611 188
339 361
485 242
1 176
425 895
314 937
320 809
561 472
580 460
581 21
315 420
215 379
542 896
251 591
181 296
196 574
145 770
208 378
525 607
620 739
270 630
661 111
864 853
936 674
205 99
189 894
134 33
997 7
945 692
289 72
660 169
332 874
205 244
99 625
484 61
176 454
566 215
975 280
54 507
206 550
688 353
119 259
726 297
708 876
584 338
949 70
950 673
384 642
359 865
655 148
751 831
20 413
890 401
247 236
998 876
377 135
325 674
81 475
938 11
423 577
455 513
375 328
506 9
696 57
643 594
965 112
597 135
86 372
507 929
145 102
74 324
227 318
818 839
585 592
507 542
793 693
936 262
455 726
442 595
919 199
653 919
401 476
143 917
793 556
957 481
745 811
102 408
709 640
585 946
244 889
615 858
343 631
144 87
23 791
149 208
836 916
861 103
148 502
684 736
386 187
776 747
262 394
382 227
768 523
197 879
144 373
239 292
760 245
797 944
923 765
569 977
332 601
833 964
745 240
817 163
760 303
488 871
270 675
983 688
718 221
361 321
241 110
617 496
328 863
275 312
580 85
287 545
110 252
989 647
561 293
81 394
592 93
82 613
981 535
546 52
76 139
42 503
477 363
669 186
226 695
398 464
184 92
316 617
427 320
15 73
738 506
683 147
170 482
208 817
416 942
588 12
147 814
111 703
659 983
559 760
251 354
777 308
652 640
999 603
156 983
529 331
1 786
628 775
240 64
771 933
778 692
141 22
92 580
273 166
973 825
64 45
248 442
781 198
801 648
87 943
647 928
739 324
244 814
781 295
852 45
505 446
162 347
993 465
795 327
488 647
420 256
444 414
604 380
572 898
738 502
331 820
615 92
121 488
231 855
370 612
42 772
885 502
998 63
512 748
991 13
662 358
920 321
224 862
116 804
997 893
954 181
741 376
101 25
873 48
568 463
748 500
181 145
608 163
241 398
574 600
642 832
413 62
459 416
21 681
209 313
542 5
671 419
396 565
242 131
904 386
650 234
786 986
420 684
574 773
562 725
490 808
198 617
689 475
142 364
599 696
393 381
443 212
15 210
535 539
887 484
341 384
490 970
588 903
386 641
294 830
667 304
298 437
193 137
707 371
936 335
101 933
93 531
785 94
531 398
438 580
809 80
921 558
50 116
161 821
187 309
114 879
979 209
502 462
288 688
849 845
62 870
945 370
633 835
144 415
54 694
366 644
993 110
150 133
874 202
724 968
472 701
589 502
228 850
764 636
180 541
464 184
172 137
358 676
676 521
453 880
367 222
206 856
285 87
147 170
419 689
186 652
302 778
539 749
360 806
807 980
132 220
216 357
877 912
604 712
517 207
114 380
878 244
783 140
252 722
571 922
18 118
716 97
4 173
886 452
557 847
429 560
948 380
877 178
878 757
614 943
53 641
536 741
166 352
658 200
363 82
553 38
93 357
719 465
478 289
580 777
280 408
110 190
709 316
858 998
505 374
931 846
630 675
974 944
371 413
867 544
61 489
300 871
227 961
448 914
675 373
32 721
603 872
845 701
370 543
794 77
334 386
851 20
390 368
419 128
605 186
131 532
278 709
980 487
170 110
159 194
236 875
842 448
537 406
336 689
215 235
842 595
718 198
276 93
828 514
831 429
713 454
688 4
617 98
300 800
765 42
983 87
786 753
824 452
950 388
238 410
169 753
153 624
952 360
401 550
664 92
649 264
407 449
595 708
858 158
752 693
458 544
759 338
379 46
660 895
38 191
593 308
460 229
833 325
651 596
991 184
330 713
958 463
687 663
341 471
865 709
866 374
459 948
743 732
834 216
801 385
506 121
363 272
199 942
700 753
645 272
874 684
472 440
364 254
592 409
79 869
801 565
192 55
834 506
191 811
857 779
767 264
115 237
259 139
122 860
652 338
871 350
429 839
411 155
733 281
465 627
357 549
374 717
70 202
898 97
386 141
395 57
656 51
989 81
664 919
885 352
23 945
651 488
2 770
253 214
288 966
884 40
997 759
214 739
769 150
441 325
793 24
116 193
530 925
750 512
608 41
203 719
366 777
770 652
584 2
656 767
452 338
751 158
606 574
77 123
884 381
477 708
4 554
812 385
265 194
341 951
323 340
548 667
308 160
401 514
517 980
129 563
426 87
63 414
670 242
801 97
983 345
234 712
933 612
756 597
599 169
753 249
117 626
647 631
9 935
63 380
218 503
740 336
139 961
839 412
198 300
678 26
271 400
496 76
648 89
402 231
585 738
326 384
697 748
497 897
916 842
866 141
936 483
420 220
830 899
852 191
337 88
250 265
359 473
974 718
796 902
545 585
143 793
692 776
80 983
559 417
597 734
600 174
983 757
840 637
527 647
434 722
456 358
789 428
629 45
261 771
262 484
942 138
966 380
434 677
418 830
606 791
537 300
521 919
941 50
139 248
379 735
49 573
847 684
884 12
611 716
182 655
158 951
141 699
984 481
756 70
91 563
380 850
882 428
992 340
725 866
659 588
169 813
578 516
707 184
980 876
587 990
624 93
789 834
977 162
835 28
263 543
301 744
74 886
757 361
5 901
540 639
722 630
946 770
124 188
986 3
218 169
220 847
497 470
778 311
895 714
327 398
644 348
122 322
65 187
567 631
87 526
569 251
75 78
331 216
703 320
631 511
194 368
98 265
956 700
317 118
924 386
526 122
529 310
531 766
51 22
145 45
278 259
583 12
969 648
202 57
596 361
164 253
75 906
296 855
334 645
984 378
970 949
239 520
741 886
154 166
852 433
249 860
126 186
225 219
941 133
944 695
463 321
841 49
399 745
205 650
296 634
405 56
483 824
279 595
858 724
452 101
82 939
456 96
383 527
96 697
449 468
451 167
491 678
721 709
868 572
889 639
48 41
158 34
159 271
219 48
312 398
404 486
940 240
56 915
110 202
20 54
314 471
7 856
366 35
80 120
134 357
265 26
599 324
102 553
750 389
916 351
283 235
977 799
483 210
532 175
189 284
834 979
63 295
160 14
769 599
403 354
160 16
995 220
227 38
669 899
230 891
861 699
346 664
130 605
317 41
598 154
302 455
515 690
127 103
773 886
333 831
687 976
268 322
17 70
991 462
762 2
564 156
53 817
989 212
649 538
912 324
952 709
885 105
245 458
799 441
602 909
712 834
992 865
365 801
735 632
997 577
808 555
103 194
510 343
903 173
10 428
564 971
563 568
747 311
91 267
185 962
332 567
63 767
506 782
894 31
125 104
453 561
384 88
498 669
440 554
794 671
192 784
394 33
616 51
366 221
881 811
392 450
882 327
225 796
447 181
379 195
215 953
843 624
958 771
280 422
815 766
656 961
649 779
327 304
147 54
60 749
613 983
119 178
622 95
899 704
223 240
43 790
317 363
832 288
86 168
768 425
553 581
62 129
359 577
216 241
648 190
282 996
672 36
75 231
421 511
208 516
445 489
28 311
86 485
913 95
531 344
736 710
883 921
420 185
900 355
478 371
144 171
952 626
420 8
793 562
995 692
52 494
106 981
322 822
144 58
509 504
992 926
831 959
5 803
709 287
586 42
809 329
7 318
177 23
608 861
127 799
475 470
111 576
24 702
318 800
615 58
265 934
505 627
514 33
842 402
93 780
131 627
816 313
85 908
620 547
551 739
92 196
211 686
621 859
486 468
492 785
936 753
149 236
580 192
661 129
333 464
172 850
910 608
252 224
162 216
772 897
740 975
595 626
941 546
68 658
878 135
215 926
453 984
755 376
333 306
262 758
730 902
199 329
971 432
40 750
312 19
39 480
332 110
481 940
725 946
707 394
69 877
215 675
401 291
934 407
627 675
310 669
260 98
407 269
327 671
450 784
804 871
110 85
420 616
791 619
5 306
491 309
592 344
320 187
909 301
621 227
344 49
735 111
517 966
541 418
47 41
63 97
827 541
274 759
627 799
131 2
544 249
557 453
382 779
843 279
758 166
726 576
106 969
805 863
573 211
22 91
425 515
559 416
174 134
353 993
374 601
898 245
901 818
480 492
392 862
233 228
784 244
568 811
275 523
337 326
710 641
418 1
898 279
883 207
465 26
760 308
127 846
440 680
385 377
171 328
410 732
660 252
474 395
268 467
522 253
86 788
725 584
237 856
132 452
686 699
530 563
808 913
271 51
772 756
938 284
214 59
364 748
735 399
80 187
82 873
502 870
364 771
844 53
948 964
222 910
939 267
958 53
134 555
598 12
375 413
982 431
436 366
706 421
930 701
588 897
946 327
338 535
249 144
840 813
786 303
255 430
184 549
477 992
95 433
373 63
174 960
670 837
468 229
732 634
724 624
888 680
317 968
946 56
340 287
838 106
567 936
491 861
599 524
762 304
308 288
177 206
641 607
344 585
823 371
348 913
193 868
379 781
586 245
180 262
954 369
119 839
689 196
11 976
751 386
310 76
281 378
120 206
404 112
963 259
251 533
788 478
402 625
607 908
242 880
219 416
241 424
938 478
376 645
837 536
364 562
346 37
474 30
384 778
389 23
686 727
502 672
449 340
376 756
655 780
129 634
19 475
5 199
133 18
650 140
172 568
85 361
231 418
561 680
108 717
694 588
623 350
42 602
402 68
190 959
296 717
69 583
913 225
866 195
50 308
838 293
568 329
596 287
889 275
463 224
563 206
140 261
456 626
311 300
596 142
653 961
529 51
362 260
70 93
978 698
210 848
7 723
504 205
729 404
669 603
758 793
390 743
33 826
303 542
14 935
254 488
554 696
41 523
671 771
582 218
733 70
606 748
77 482
258 284
672 786
825 544
794 365
290 28
145 775
384 89
556 231
243 228
978 145
369 705
944 1
893 98
453 705
536 331
457 646
612 734
43 333
154 750
617 29
197 716
399 128
424 820
186 319
959 472
545 380
873 159
808 986
971 518
151 656
423 143
12 806
365 124
829 557
811 110
318 50
928 322
217 957
551 96
305 892
275 221
136 181
85 254
925 130
900 191
276 753
78 829
778 607
261 958
691 722
342 886
312 154
761 538
129 3
857 111
938 808
188 479
596 460
445 488
247 956
784 702
123 754
866 86
745 927
523 975
140 297
731 864
663 223
18 315
814 345
287 315
98 710
438 957
844 912
183 905
979 139
283 640
984 307
749 525
589 888
438 812
922 105
178 297
519 674
331 781
577 597
561 360
373 442
417 464
144 360
76 883
525 414
850 134
599 513
546 399
534 404
862 993
600 528
768 812
46 605
738 789
81 126
640 133
95 597
760 692
299 80
502 633
230 90
985 593
531 733
569 402
547 356
76 134
665 615
425 394
609 770
160 216
515 194
95 920
830 69
389 769
462 841
583 887
235 525
313 543
431 107
549 692
933 213
807 764
277 849
83 542
88 904
811 654
507 590
827 687
468 83
568 257
182 705
554 828
296 68
60 165
151 94
706 659
246 216
967 280
914 420
662 846
701 940
390 909
27 837
107 19
948 763
328 452
805 862
398 732
830 739
858 988
503 969
258 418
334 329
11 419
429 75
287 61
415 8
59 50
802 918
106 123
144 340
163 240
774 464
6 878
64 539
85 943
102 967
768 665
589 463
149 158
116 807
244 284
33 701
915 587
139 768
557 130
445 680
7 225
868 609
794 332
698 40
241 387
189 675
119 697
866 318
733 626
203 971
920 913
708 784
945 578
930 246
768 197
533 331
20 370
374 335
412 228
523 823
935 248
584 764
89 130
394 27
246 376
17 318
921 864
901 218
423 522
84 498
359 648
329 461
938 849
634 136
338 645
448 461
212 414
378 898
30 779
822 44
448 5
830 978
597 45
9 524
411 139
47 460
844 762
990 104
451 732
508 795
231 870
454 352
314 703
97 37
357 635
378 582
605 133
534 131
141 911
150 152
153 100
157 692
28 828
469 990
827 550
352 196
840 377
343 286
704 408
998 222
362 884
224 893
405 792
270 670
271 707
953 280
129 814
718 24
612 571
522 271
712 145
380 999
163 603
916 123
720 396
976 806
295 78
225 758
318 309
506 573
606 248
53 40
806 606
536 14
846 879
138 176
778 503
321 352
928 456
933 681
630 685
744 32
800 754
394 591
511 514
938 128
846 521
540 716
4 390
47 940
86 130
286 711
632 772
720 256
397 382
454 881
131 302
371 502
229 747
123 376
930 734
109 716
769 836
368 65
499 793
208 538
486 561
990 97
408 839
83 327
28 348
838 437
895 812
884 531
657 399
836 670
331 514
975 245
151 503
562 442
74 224
794 877
297 519
761 42
590 325
107 360
184 911
70 888
277 190
742 258
581 128
908 496
452 52
418 868
921 75
150 279
337 380
998 107
72 255
942 88
224 938
408 33
105 121
323 974
859 768
837 142
766 316
872 661
157 299
379 487
457 645
385 416
467 757
10 31
484 170
267 900
481 753
402 741
111 149
462 545
428 401
220 531
494 246
332 245
761 989
263 609
485 465
507 121
195 708
94 474
726 15
104 266
514 951
125 652
329 683
463 560
801 277
711 238
550 168
872 222
387 148
282 994
710 418
877 147
473 885
41 25
797 966
706 285
736 728
238 678
776 339
264 391
677 29
737 738
185 899
691 145
162 961
920 458
166 621
775 529
800 997
154 109
177 132
509 359
468 851
537 676
478 844
870 864
62 829
103 147
112 558
295 637
560 978
499 478
800 26
250 692
676 904
658 751
897 941
970 685
521 969
918 837
19 331
206 219
614 244
237 703
409 993
542 992
210 377
451 97
591 715
579 381
10 292
972 660
149 347
812 493
319 15
379 368
225 499
806 535
976 238
760 693
427 166
284 293
952 263
132 778
185 408
593 107
632 495
523 320
967 945
950 641
997 362
638 113
165 344
989 982
425 171
652 862
190 997
997 507
375 443
469 50
659 94
588 8
927 869
26 545
839 7
736 902
109 892
298 477
192 840
75 133
477 873
596 481
887 316
395 570
303 925
343 832
53 710
37 193
633 860
83 383
389 708
653 951
467 156
92 759
184 762
72 671
356 920
398 733
737 895
240 689
828 18
61 445
237 977
563 807
430 242
415 122
309 995
989 1
463 366
67 561
729 636
901 640
497 732
24 668
153 56
183 236
149 44
331 953
651 358
409 855
708 349
962 494
931 246
71 955
737 315
721 734
484 268
46 527
896 254
774 243
479 523
998 285
103 635
897 196
440 281
594 390
298 859
351 893
712 197
822 158
401 594
242 44
895 464
692 906
261 230
264 854
59 504
219 356
937 561
954 753
132 341
504 884
318 120
191 202
835 984
134 414
284 47
142 949
649 866
949 218
165 380
871 377
995 165
653 535
748 923
105 687
895 580
687 840
598 125
416 829
201 569
166 233
818 696
947 36
752 188
537 800
458 59
277 741
402 840
544 168
653 842
377 73
380 203
484 951
763 397
430 44
582 34
794 786
359 79
641 239
442 380
888 281
170 824
465 696
62 874
124 859
675 349
503 940
269 692
914 683
24 585
611 527
373 448
301 99
7 638
93 961
25 33
867 742
335 772
637 644
289 724
733 145
755 593
846 432
390 426
852 492
59 831
902 273
813 234
18 341
360 366
414 79
2 597
209 127
656 570
146 616
272 819
39 247
321 169
668 741
856 893
85 533
693 342
531 679
207 998
794 971
688 378
891 325
464 261
838 280
255 810
826 472
220 959
694 618
208 991
206 638
595 66
217 935
859 272
584 534
762 619
947 757
386 615
234 926
131 384
133 306
355 126
150 354
514 835
87 559
649 426
203 50
108 859
867 27
528 939
411 489
820 387
553 264
346 534
863 111
212 435
30 868
934 782
791 883
924 192
606 150
792 898
705 359
625 392
619 182
106 783
982 996
58 746
995 635
409 124
233 384
256 964
72 770
783 866
509 307
737 16
295 600
506 28
779 279
486 205
144 270
864 413
900 861
63 605
395 415
448 960
327 856
419 277
404 167
777 651
923 645
289 865
107 550
110 395
770 272
58 46
497 966
918 920
647 58
760 956
670 631
418 29
28 982
492 703
717 306
130 531
890 998
599 818
603 439
967 686
272 799
627 61
574 532
663 829
703 880
769 40
561 927
972 855
739 548
44 71
269 161
397 558
380 234
7 607
268 989
341 241
855 265
199 247
146 385
221 859
298 406
189 317
373 512
337 618
364 837
635 66
588 116
290 787
809 865
296 332
796 105
771 656
530 61
640 517
477 772
294 890
106 574
89 260
204 595
605 31
761 378
10 952
92 748
847 542
40 111
404 656
222 891
919 51
922 853
980 67
636 701
912 163
917 606
274 944
757 159
709 284
970 968
409 88
887 925
410 259
447 54
106 242
896 582
490 85
515 252
496 974
462 215
444 614
980 400
358 36
434 524
634 449
129 474
535 257
277 66
614 245
559 604
620 542
697 917
30 79
36 447
303 887
426 543
836 198
267 197
345 741
699 198
444 827
319 185
786 702
474 434
537 144
470 174
881 725
247 325
224 516
668 557
704 798
747 848
437 434
934 315
772 674
155 672
726 185
29 135
32 405
655 247
434 473
345 210
808 726
535 925
186 930
226 855
743 798
209 515
565 230
821 780
60 466
687 695
155 462
943 281
307 59
256 843
959 515
726 778
987 850
10 274
183 385
863 167
306 80
126 593
677 175
880 53
936 487
240 980
738 79
260 929
504 809
32 960
70 8
738 160
553 98
258 158
891 516
40 679
491 882
199 573
153 797
136 973
294 137
954 344
301 143
709 317
604 488
275 524
353 704
728 564
345 848
806 967
456 215
371 996
689 447
727 323
512 656
430 687
16 559
418 143
149 269
703 682
410 731
358 79
499 285
369 340
885 644
744 296
968 848
792 418
220 549
538 590
133 938
542 14
375 203
413 426
346 821
56 217
627 354
679 213
151 730
83 791
488 805
281 840
433 977
660 844
548 922
463 725
134 415
372 958
566 434
273 825
494 393
613 893
782 202
450 883
291 216
495 841
576 557
994 372
801 476
839 124
161 637
473 771
237 298
41 455
278 404
912 446
363 220
127 271
143 554
648 456
353 326
724 307
544 169
356 863
766 978
107 211
930 922
247 98
384 287
957 435
27 946
709 690
822 290
667 194
634 403
508 644
205 932
387 683
814 6
662 74
701 656
82 192
541 967
177 92
931 951
770 491
954 380
240 217
975 422
337 278
29 632
159 213
362 995
825 521
110 637
276 471
542 942
193 923
250 860
399 865
426 471
814 706
85 818
12 584
489 397
417 248
458 964
310 877
292 680
612 549
354 789
120 431
910 940
472 728
864 524
918 735
298 828
778 98
66 304
194 893
307 518
80 309
919 791
976 183
792 650
722 455
815 742
212 380
272 638
207 497
769 670
379 555
574 859
152 873
851 774
473 460
275 194
379 479
887 161
981 812
13 586
910 488
363 525
660 727
221 999
94 399
367 665
709 850
981 925
29 480
394 687
456 776
972 240
518 684
575 341
408 986
834 352
728 227
247 981
412 654
112 120
278 291
407 901
303 852
696 496
236 473
511 209
149 574
574 497
410 10
66 696
523 955
478 437
210 847
453 249
884 819
760 257
596 111
466 116
249 892
586 133
234 470
16 685
166 801
775 717
79 192
463 289
270 943
318 923
582 360
215 369
287 900
181 385
55 488
261 633
300 17
176 15
124 717
452 212
555 525
402 743
409 324
82 345
693 407
659 539
533 62
661 105
55 654
883 57
21 266
778 183
565 717
381 316
256 181
280 311
233 790
797 490
907 374
52 295
401 537
309 176
114 40
596 932
997 227
161 505
983 814
703 81
172 543
983 289
397 702
415 257
169 807
774 13
506 416
240 380
672 201
636 250
253 555
179 491
74 767
592 368
565 419
587 439
680 723
255 269
457 350
444 76
464 914
246 402
526 54
821 634
109 952
148 952
57 741
829 95
762 34
819 89
892 673
369 740
44 648
191 935
196 595
468 280
269 793
533 700
970 102
808 85
239 735
974 614
5 815
347 240
448 836
412 807
658 971
755 629
349 412
192 345
874 365
267 393
784 125
107 342
235 285
41 612
850 242
690 331
304 146
167 513
300 854
641 422
54 925
898 271
422 977
793 227
958 743
595 171
228 896
441 14
180 547
110 420
333 123
205 392
476 90
566 107
234 384
932 577
495 475
977 40
135 346
391 748
432 995
565 127
457 885
981 529
599 70
511 398
80 68
222 567
34 653
78 653
601 919
48 561
363 580
663 312
518 330
811 476
918 926
959 812
337 597
503 352
394 660
933 833
941 54
687 694
781 397
160 441
714 624
950 848
365 272
956 661
522 635
912 595
656 426
238 721
520 24
903 783
687 916
965 722
615 126
767 346
14 294
653 519
156 97
691 126
231 137
857 874
383 466
314 567
701 937
580 846
376 356
601 365
450 661
452 729
865 160
439 461
496 525
524 821
656 133
84 547
433 60
469 854
272 254
838 614
779 705
353 668
582 150
675 304
548 2
235 505
115 863
131 706
426 734
867 716
154 865
102 107
103 262
749 784
681 624
278 674
258 707
667 549
124 646
254 769
534 439
662 376
353 560
823 935
293 864
883 64
72 279
716 544
589 302
919 925
998 482
693 368
287 515
147 148
938 393
702 486
850 685
104 23
893 265
869 480
838 881
666 408
347 474
864 736
683 100
134 658
195 670
501 166
677 216
400 380
564 144
944 593
401 156
420 904
646 394
587 494
40 891
566 862
166 239
563 186
939 557
613 606
327 916
598 226
378 897
730 474
511 943
739 392
634 167
852 873
585 316
905 453
838 332
604 200
71 311
921 560
114 790
188 113
634 33
407 977
446 937
785 225
328 404
145 322
917 548
776 508
260 533
448 797
838 110
752 230
284 585
154 163
357 632
654 620
692 679
966 450
455 843
840 493
767 178
831 721
465 344
926 767
177 428
965 155
470 555
381 68
242 650
224 897
758 578
335 951
104 695
563 592
628 106
306 918
426 468
580 245
306 874
915 616
590 42
257 278
812 32
10 102
618 467
149 598
129 860
591 388
225 779
