1000 9901
927 902
648 587
547 802
299 413
691 943
432 570
17 620
878 67
453 101
777 186
890 533
893 347
227 220
734 557
381 859
97 219
167 448
226 796
319 517
468 833
472 132
660 583
455 453
241 208
583 969
643 396
950 792
264 287
326 811
568 333
92 923
219 367
778 872
127 179
183 765
735 816
439 279
61 257
691 182
843 467
649 622
62 693
787 760
990 273
188 891
905 837
690 469
49 475
16 172
201 224
23 939
337 480
282 355
760 534
367 993
614 207
120 127
231 661
223 773
957 779
710 717
552 699
224 156
664 789
793 183
650 360
449 633
964 72
124 317
609 687
482 358
831 312
635 683
559 777
546 184
195 26
712 176
569 265
129 952
938 446
24 146
366 448
367 873
752 683
676 68
700 843
601 954
983 288
307 771
543 968
143 478
725 458
302 629
674 536
626 394
847 987
723 745
905 340
688 676
464 692
251 460
967 18
164 461
38 482
991 408
494 672
62 484
89 266
273 179
368 255
62 631
544 210
476 333
259 241
667 28
500 379
796 952
376 329
139 615
1000 771
491 136
420 388
775 530
499 645
301 391
28 577
15 906
585 772
404 431
426 872
23 862
559 376
46 421
823 99
508 572
791 341
953 119
561 364
140 873
509 70
736 246
599 573
976 677
957 958
542 596
780 857
125 406
224 841
33 661
604 36
607 947
521 680
102 825
105 235
33 262
252 142
381 366
20 4
725 825
393 910
893 243
894 692
825 915
642 555
205 145
831 173
907 661
836 373
17 923
270 375
327 642
683 490
440 743
775 410
18 263
83 855
816 600
564 270
513 728
808 728
44 25
942 903
341 4
969 811
532 467
347 671
648 240
761 585
669 838
447 428
243 193
565 277
546 865
397 387
53 545
240 232
458 179
739 30
867 85
207 540
959 525
670 688
69 539
783 424
403 639
974 434
753 831
2 375
115 738
297 273
814 270
482 783
190 548
288 572
992 960
204 704
562 494
988 829
490 405
737 653
97 29
857 523
741 941
317 641
600 840
80 700
21 141
149 952
894 20
235 393
954 201
148 256
224 998
864 436
120 183
874 96
802 773
107 595
716 835
127 540
935 547
305 436
966 931
918 582
219 91
807 378
995 671
593 170
547 781
172 819
411 621
48 288
171 965
401 599
509 686
241 272
225 863
663 836
946 73
846 902
354 448
336 187
427 276
467 803
303 393
730 103
414 530
398 439
716 406
619 254
263 827
401 258
972 127
938 59
612 214
333 563
29 282
255 742
146 86
238 912
886 697
468 925
285 545
821 927
145 150
766 644
425 934
463 922
134 846
452 820
251 500
587 126
308 629
386 237
663 73
463 779
545 582
866 26
994 199
312 73
631 798
121 81
174 965
526 414
286 643
714 198
552 245
914 388
40 41
810 565
945 282
487 407
145 722
837 866
802 724
349 451
150 156
244 47
563 693
770 135
645 935
225 334
387 587
500 960
999 286
267 33
684 310
763 649
443 465
873 388
33 349
719 717
958 527
650 452
299 254
817 381
858 355
786 644
526 706
928 605
546 4
820 987
507 240
329 960
6 394
228 14
1000 63
174 264
746 463
588 286
881 364
419 775
259 570
81 356
651 720
194 29
412 196
820 249
566 493
614 607
904 308
541 33
632 978
469 6
363 527
968 699
398 2
327 104
320 474
411 949
969 995
18 113
611 434
189 248
620 316
431 47
365 956
161 543
12 341
130 710
350 53
728 229
156 790
710 469
178 250
400 320
457 305
592 436
611 144
829 57
501 88
967 335
184 188
245 35
637 865
568 88
175 264
268 94
254 307
201 901
738 228
633 906
5 969
620 128
549 140
36 81
442 264
499 345
317 600
121 335
893 569
819 650
857 579
969 25
504 729
285 969
258 686
131 652
482 648
789 351
63 606
915 681
625 969
703 943
673 623
486 290
162 492
633 455
353 639
68 902
312 432
384 973
647 68
355 626
119 501
923 932
138 212
711 785
731 255
234 573
298 388
503 970
133 863
377 895
458 211
470 240
128 369
226 620
498 201
685 563
932 735
764 273
570 789
664 466
354 392
122 924
52 71
532 329
381 653
420 739
507 591
464 743
212 653
105 731
855 282
324 883
612 238
504 707
892 366
235 693
74 765
41 119
493 757
477 656
867 56
874 772
1000 727
123 280
161 571
291 628
455 313
214 443
481 250
706 281
339 864
654 233
268 284
123 614
417 943
416 582
737 742
634 187
864 876
121 9
909 118
343 926
511 324
80 994
317 523
525 38
965 943
822 552
596 297
700 204
349 410
25 508
121 363
736 280
662 112
684 728
611 584
797 791
410 433
212 50
233 242
396 764
434 523
216 779
702 908
349 700
666 238
614 232
263 108
448 659
693 727
608 945
112 768
188 749
870 465
746 67
985 777
237 588
219 193
935 655
603 359
459 401
306 819
716 574
717 467
310 811
719 645
688 39
997 35
391 750
858 347
108 846
180 323
533 449
295 18
595 632
209 213
394 289
489 613
952 267
215 921
241 658
755 382
143 31
971 438
865 943
355 989
393 248
841 279
342 181
169 769
665 900
907 652
890 445
392 32
394 658
605 982
489 784
53 447
977 635
190 888
306 183
566 759
678 29
90 120
94 212
921 824
132 757
635 321
809 294
944 981
887 687
40 78
205 812
121 37
495 900
768 128
996 920
50 224
481 189
448 930
606 911
383 306
22 460
10 524
282 297
799 268
379 871
380 532
555 792
737 93
849 635
131 874
779 336
940 109
124 529
181 976
380 651
162 306
863 724
409 859
747 501
489 5
56 672
475 214
409 708
690 591
394 16
231 557
57 314
299 149
300 362
48 403
409 55
927 799
589 300
186 257
722 335
81 93
393 937
532 661
640 102
894 721
468 684
57 20
169 562
225 862
299 435
768 218
589 14
995 459
209 322
484 844
379 126
345 130
290 517
478 710
826 435
867 86
250 644
616 3
262 615
584 737
494 396
811 314
636 205
307 235
492 213
493 812
773 906
136 449
599 424
398 833
739 61
133 508
541 495
696 360
183 618
23 477
960 429
942 945
156 674
532 837
679 566
260 896
247 528
126 451
110 964
889 91
692 562
976 652
273 420
535 68
481 217
961 599
653 185
819 689
739 527
779 751
541 964
2 778
470 702
167 708
420 895
289 744
608 906
702 836
560 877
867 891
376 830
528 203
281 248
953 434
618 58
891 171
387 872
543 13
787 782
784 500
988 844
828 997
686 511
173 760
746 298
964 229
17 832
586 691
881 513
533 392
60 340
189 706
688 239
835 80
109 843
198 784
937 640
405 630
543 688
52 253
972 958
906 284
284 408
801 34
638 577
334 270
114 485
164 757
937 307
520 357
973 701
759 100
635 186
113 180
528 943
852 818
801 509
235 857
751 625
342 563
250 118
14 365
383 182
938 705
476 481
999 1000
654 189
433 271
487 212
288 417
809 180
847 660
184 612
558 611
932 182
880 207
439 390
940 617
83 424
447 907
49 328
33 835
987 654
269 835
843 418
827 825
472 355
847 426
153 218
32 745
473 974
326 911
628 315
40 292
832 768
142 604
234 453
279 983
495 893
885 261
870 91
29 601
980 495
214 735
647 406
931 37
2 787
902 358
195 254
159 347
128 165
37 827
634 985
485 105
638 929
38 747
419 631
59 716
461 240
744 468
580 122
730 651
12 766
36 342
171 39
370 94
665 653
170 213
731 412
15 463
237 171
727 900
543 267
544 697
446 457
303 320
356 999
95 930
887 134
13 619
713 923
826 730
653 603
284 130
412 463
514 803
667 323
61 976
66 838
142 661
749 451
308 703
572 476
421 504
630 334
867 136
260 826
870 729
913 80
435 308
278 194
886 23
465 841
378 822
624 2
986 681
491 253
538 510
39 799
853 682
466 309
696 841
329 123
457 14
250 465
956 48
889 19
357 557
213 713
352 419
317 635
68 295
606 803
284 758
794 425
478 694
926 682
28 865
297 768
599 543
452 164
55 457
760 109
641 468
592 614
727 746
171 357
500 735
266 51
855 471
813 327
573 878
578 568
885 684
228 225
745 25
432 998
197 199
38 614
506 148
423 216
894 517
203 946
574 647
730 897
476 969
755 494
574 790
497 34
446 485
194 66
705 870
696 896
523 549
40 641
913 446
428 807
749 133
17 340
203 97
593 665
811 366
645 842
264 251
70 723
551 452
679 303
941 420
795 786
522 614
982 356
914 252
553 324
536 694
463 817
913 60
752 228
199 795
607 174
792 847
244 896
213 907
269 937
967 278
222 859
973 897
780 188
814 383
227 547
308 330
453 45
391 363
512 808
936 152
24 626
706 830
417 517
288 907
93 861
689 91
417 502
845 974
292 978
866 555
315 275
615 164
713 164
141 691
953 405
760 905
7 78
817 198
46 528
489 405
684 114
119 527
10 65
690 991
450 280
108 796
241 389
593 168
669 371
708 143
547 779
683 443
133 918
445 900
851 641
48 754
128 314
557 559
405 706
553 996
899 752
574 818
670 353
412 17
913 476
821 251
401 256
75 136
700 595
682 34
920 595
181 368
190 789
394 774
947 9
274 328
482 207
329 320
292 348
19 508
226 200
227 353
528 610
191 794
468 125
529 483
330 122
994 197
706 753
690 202
175 374
381 196
344 215
933 422
441 6
421 658
95 463
463 43
794 514
681 294
187 445
192 358
154 174
887 976
943 994
92 502
370 752
741 975
318 784
444 443
356 889
50 990
474 413
605 48
418 858
491 624
3 492
664 197
821 363
158 776
185 942
224 900
8 849
462 386
120 213
637 368
763 957
787 545
36 499
920 166
99 865
758 752
525 561
180 742
676 675
932 565
440 331
223 704
523 80
542 844
500 535
488 55
967 705
107 863
879 21
167 953
205 198
498 80
834 662
121 975
285 46
369 453
80 112
545 474
176 419
215 770
309 77
751 956
509 545
510 842
242 220
512 188
713 877
55 874
977 928
228 366
679 145
459 50
264 36
306 190
765 562
180 497
97 558
83 623
579 914
769 340
801 508
769 862
705 88
523 843
191 681
948 500
696 261
424 931
843 246
934 771
691 896
406 488
66 517
286 850
641 865
614 552
182 643
629 346
60 107
580 882
410 22
763 428
492 849
490 344
92 692
697 782
685 425
524 873
460 126
430 188
676 188
457 226
41 995
335 193
379 945
755 522
14 998
221 250
3 443
779 266
796 740
447 616
33 940
141 537
658 645
645 921
261 724
432 14
785 526
1 63
76 725
776 983
941 387
615 236
584 128
802 843
465 91
463 357
717 301
555 414
385 442
501 898
855 419
790 935
295 104
461 320
155 957
122 696
764 895
871 693
33 89
368 584
180 399
644 510
437 280
935 41
479 253
924 798
963 800
639 851
317 709
721 374
78 661
264 113
483 71
263 893
535 997
15 886
892 360
285 630
948 170
491 321
60 442
443 546
796 102
598 190
486 580
584 792
181 640
184 390
648 53
888 922
762 959
714 750
348 748
296 111
630 254
649 941
339 979
781 216
576 166
649 574
516 298
387 342
10 647
275 372
586 82
898 118
24 535
735 147
478 548
83 52
485 469
897 822
537 351
594 856
461 847
11 10
563 751
896 458
992 99
42 790
153 471
926 314
513 375
626 728
823 86
422 981
723 354
207 561
915 564
688 74
968 170
716 568
94 892
189 664
515 583
708 148
671 288
821 339
939 448
932 988
789 821
224 537
411 563
232 116
530 711
349 539
741 189
483 133
460 514
221 777
475 569
777 247
303 359
235 629
455 104
7 719
235 514
289 430
623 415
844 408
494 609
1000 678
910 87
957 200
313 765
743 763
799 805
925 618
512 867
416 646
273 3
455 287
863 162
782 980
204 541
117 268
13 193
966 169
587 36
606 192
273 156
718 830
508 217
795 51
192 108
657 54
89 660
1 522
793 534
667 253
193 630
361 756
658 920
533 732
496 267
455 978
974 582
371 431
687 359
33 778
766 740
82 217
430 871
713 73
608 881
129 392
976 832
96 69
200 324
189 685
753 722
1 246
810 912
813 111
67 341
458 28
766 81
126 413
606 574
63 993
689 434
998 132
823 811
76 620
10 78
410 804
168 929
930 47
915 961
509 826
129 884
690 943
893 148
898 672
404 297
651 856
198 798
82 629
882 22
42 465
852 716
172 588
981 674
263 679
548 823
860 737
747 877
841 479
83 497
473 100
290 626
593 363
942 934
217 111
646 398
151 804
778 542
28 81
467 499
503 497
506 87
880 360
143 640
700 707
683 919
759 160
653 32
781 318
340 210
892 519
674 718
36 715
292 349
620 149
38 297
830 981
635 367
174 857
549 947
184 557
151 123
672 322
965 835
144 235
273 265
862 469
478 450
351 592
782 609
46 6
84 957
457 197
24 544
619 463
387 686
406 158
749 974
112 541
921 199
174 277
111 371
788 529
704 352
614 295
337 265
581 38
103 294
125 490
389 160
390 428
963 378
747 467
159 353
287 828
898 499
276 67
724 577
565 579
585 285
180 743
751 360
510 542
552 790
464 178
923 989
229 126
251 666
342 311
487 826
56 924
4 580
150 846
337 981
603 478
198 790
825 968
739 526
42 290
6 393
411 763
379 175
454 575
955 714
703 56
171 219
544 671
137 95
103 968
271 140
759 468
920 417
293 258
234 920
364 863
570 606
187 830
218 974
81 834
544 381
153 755
485 890
179 3
331 332
424 442
226 122
778 901
66 915
106 708
969 706
553 387
607 80
844 646
539 208
227 668
11 664
787 542
849 901
296 3
345 83
979 262
728 6
37 276
793 718
443 965
634 432
852 111
863 497
692 528
948 698
880 848
519 545
650 976
469 778
771 784
996 801
888 426
115 795
392 798
873 331
727 544
400 557
794 373
906 881
57 525
834 242
381 213
203 733
722 243
270 637
897 149
857 19
756 310
789 249
25 978
246 844
335 693
546 180
394 185
197 692
578 581
746 415
784 536
164 934
951 195
955 633
668 630
88 632
547 595
640 479
806 351
420 750
378 124
459 64
562 819
483 70
485 700
716 40
460 366
619 703
216 250
108 440
320 942
388 354
943 496
412 376
587 426
57 639
478 233
654 236
240 942
602 674
10 930
461 678
537 572
511 321
957 359
779 587
463 482
969 640
533 552
770 138
922 113
651 405
11 818
33 990
766 344
951 510
738 489
331 773
561 352
898 562
376 154
577 238
913 547
625 793
993 797
150 458
558 439
797 901
907 205
693 724
254 238
789 225
505 686
975 266
506 811
875 153
555 620
872 760
36 915
897 279
405 970
9 273
342 391
837 567
111 182
132 489
428 418
320 857
377 792
471 353
108 984
125 982
846 942
378 891
25 712
559 33
392 197
877 812
569 11
824 423
454 678
835 328
873 925
583 734
877 957
218 330
675 572
481 532
373 750
137 224
963 684
982 408
30 629
666 841
304 496
264 253
461 592
356 579
910 84
551 354
517 414
188 260
869 907
856 486
624 834
635 322
804 733
696 318
145 456
737 662
62 535
672 295
840 649
696 429
550 312
843 270
58 586
809 242
136 612
801 886
970 903
365 847
349 74
595 642
675 678
179 567
770 110
292 254
311 50
47 551
278 953
944 645
67 566
802 575
968 267
639 921
295 542
847 29
941 40
546 568
582 282
714 354
269 703
96 53
98 927
500 799
85 951
793 194
581 867
177 357
380 868
497 896
349 959
300 357
763 680
671 374
803 262
276 142
6 19
834 688
651 970
104 909
124 464
388 855
707 51
761 915
627 360
242 182
446 52
817 640
679 30
169 977
812 637
209 464
801 244
749 214
338 859
714 526
735 148
575 319
697 490
709 35
108 384
734 340
772 49
959 557
174 751
411 203
655 356
863 129
101 938
167 506
653 362
74 18
117 400
636 238
61 361
89 608
519 572
670 370
214 980
819 690
235 331
36 136
330 429
222 599
137 855
409 26
451 371
110 660
148 433
549 649
146 814
54 943
139 995
96 209
884 106
172 94
873 511
157 430
698 827
712 955
585 435
392 577
609 646
314 362
388 533
363 967
513 88
842 772
276 162
205 196
449 690
488 72
181 107
54 491
132 417
102 551
289 154
608 440
755 315
721 255
307 810
889 631
113 79
898 935
96 891
903 807
856 529
469 2
806 131
39 304
316 923
709 860
47 576
731 910
667 376
529 259
203 671
666 560
10 962
356 746
31 646
433 435
454 11
112 126
818 806
321 710
69 352
549 86
472 342
426 370
40 122
956 952
316 479
282 219
106 999
658 130
622 691
887 513
837 252
788 976
461 728
297 527
761 50
193 686
183 15
884 936
297 664
120 21
652 22
270 945
413 115
599 628
712 840
569 961
914 936
224 930
95 444
680 768
90 983
922 42
26 341
661 221
741 340
708 35
198 972
31 286
253 410
556 111
8 941
623 427
698 396
971 672
989 695
459 404
651 786
541 749
252 69
626 886
773 267
522 302
833 560
63 111
291 875
289 166
789 753
829 548
640 40
394 619
435 978
316 968
632 697
597 425
428 830
402 161
223 11
869 384
986 387
47 580
499 844
905 351
395 697
88 949
972 353
369 956
351 868
870 732
999 952
800 210
822 608
507 554
109 946
754 553
536 716
390 783
960 874
361 909
838 393
821 757
201 980
991 503
562 455
909 114
962 184
533 710
683 452
109 724
714 114
165 706
131 974
499 648
905 795
603 782
936 191
809 439
187 487
814 4
709 406
159 117
235 275
594 988
111 652
457 877
135 140
338 24
728 688
326 841
88 570
628 393
77 445
297 773
427 722
541 783
73 302
71 975
721 746
205 473
978 219
802 877
322 81
239 14
497 923
738 699
685 992
190 454
154 600
220 681
703 780
742 866
746 353
33 394
181 794
79 238
57 508
395 192
67 183
566 143
733 662
425 497
977 204
797 121
433 942
271 86
403 454
976 4
189 489
194 65
549 601
215 693
364 785
330 641
904 240
872 196
191 444
514 915
234 977
479 497
299 535
322 428
621 72
477 752
406 692
479 262
187 153
305 551
472 496
678 96
522 812
204 543
597 16
986 537
757 858
252 866
712 808
788 176
993 380
283 758
819 296
229 37
698 777
413 684
628 719
832 988
463 374
233 321
669 833
822 699
276 331
258 298
315 423
427 673
508 460
951 114
206 63
305 350
777 708
91 383
353 586
756 485
431 783
660 279
941 346
102 734
769 70
988 795
368 948
612 671
519 189
669 368
981 590
393 941
871 622
548 595
170 264
471 380
937 680
789 855
649 333
741 223
542 384
817 647
638 553
513 654
844 216
772 653
920 696
76 547
411 831
982 74
569 151
142 370
194 601
21 768
74 686
826 657
829 334
155 419
749 503
930 691
240 9
408 965
514 665
877 339
680 657
278 286
28 369
452 517
252 791
398 615
75 822
192 74
654 340
417 875
325 162
218 786
183 772
439 446
740 947
944 580
482 927
526 274
841 220
457 203
990 319
296 839
336 463
40 332
227 830
410 322
379 775
514 76
720 825
497 870
974 834
188 947
941 11
391 110
379 756
289 748
896 436
423 345
25 218
614 180
525 733
31 404
289 861
326 720
609 276
228 838
889 516
486 394
141 805
971 822
367 125
280 183
409 515
640 215
141 950
271 891
247 333
555 452
24 188
247 328
564 574
419 701
479 885
815 751
394 485
454 573
70 100
932 869
332 89
830 296
426 18
797 33
691 546
213 298
967 881
364 714
381 740
864 642
151 682
299 689
963 726
125 767
847 860
494 428
597 261
869 736
449 253
477 716
307 203
808 548
751 524
925 703
520 71
874 700
411 214
395 749
123 736
202 241
645 433
443 761
135 743
246 238
411 327
363 78
454 411
737 733
721 160
157 988
908 820
356 969
110 996
192 197
546 812
653 72
948 644
718 534
68 463
748 345
325 440
609 154
934 706
119 908
82 951
475 372
921 82
707 545
484 494
525 368
602 142
91 260
609 455
341 218
663 742
941 384
10 290
566 58
927 189
52 99
556 217
594 36
924 910
746 251
983 250
71 731
362 736
492 695
924 708
530 847
402 730
384 881
150 872
959 450
156 493
104 966
945 560
80 156
270 413
358 104
574 751
316 747
320 750
109 476
256 426
938 218
136 208
449 447
489 942
789 609
114 261
631 232
730 926
434 444
531 22
94 338
489 856
549 646
473 211
221 629
278 484
706 483
654 67
801 413
964 959
827 669
610 775
386 861
874 656
307 453
936 499
221 279
421 373
957 387
745 901
887 710
190 562
801 767
549 73
142 433
343 269
553 14
428 91
644 851
701 926
102 405
746 592
880 239
408 229
224 259
687 332
948 212
602 884
841 148
658 962
897 666
438 826
337 437
407 757
466 83
339 163
92 441
590 680
885 372
372 89
35 11
629 895
991 888
704 426
870 123
263 107
357 156
897 991
215 274
128 790
537 126
675 20
372 383
730 585
988 897
307 14
845 776
2 610
385 362
722 213
978 844
711 867
949 213
552 556
202 877
635 589
626 776
319 302
158 259
930 232
751 896
110 120
366 486
650 251
561 524
375 108
985 712
33 235
968 538
364 643
959 196
636 55
29 159
948 107
454 916
427 460
601 777
471 927
330 785
570 405
355 190
835 616
268 735
584 936
342 936
71 42
347 770
442 806
463 908
763 154
377 459
491 447
184 421
356 675
175 233
69 406
696 448
348 755
277 569
723 101
670 852
269 933
507 678
715 381
784 144
161 931
633 980
260 568
201 58
715 714
240 682
149 736
940 557
892 930
343 558
474 939
887 147
462 136
743 9
46 459
927 454
805 934
807 369
347 652
525 295
966 763
399 526
290 235
812 164
794 683
590 164
506 845
323 113
913 985
774 232
29 831
195 75
215 20
950 425
772 985
510 624
494 85
3 944
498 40
138 233
855 100
547 783
396 801
509 680
349 863
850 676
506 670
34 825
473 335
564 377
433 969
195 758
177 807
143 126
346 886
754 91
219 648
467 662
104 316
88 673
655 211
198 176
386 624
574 897
96 960
528 809
191 467
184 853
235 739
736 972
915 495
937 363
722 799
688 659
491 130
195 933
143 653
346 571
956 688
706 299
283 6
377 487
476 493
666 589
670 801
106 897
640 462
107 88
120 797
543 642
66 735
296 840
802 750
379 774
141 497
201 350
20 646
850 181
79 357
29 624
747 327
331 682
45 230
46 705
619 257
567 97
74 339
133 106
438 447
812 136
262 105
64 992
661 93
789 904
526 979
386 374
686 512
449 519
108 230
146 394
971 646
574 609
983 831
314 475
688 228
727 93
565 866
933 718
113 867
21 720
527 176
959 62
104 122
716 453
570 891
613 816
493 88
209 417
377 583
216 451
414 624
843 686
541 937
312 982
310 673
60 588
269 191
151 615
483 47
15 148
164 754
705 818
126 989
711 252
634 755
242 409
339 733
515 702
243 909
778 896
496 287
204 544
705 205
763 307
415 374
71 272
295 924
995 644
810 851
880 196
771 119
115 593
956 41
225 17
577 292
265 377
409 218
432 341
89 578
117 148
780 78
669 842
567 822
560 544
943 627
451 337
789 345
457 960
77 407
465 445
319 430
504 293
624 763
162 375
346 456
771 563
135 72
484 382
695 176
953 465
720 580
962 513
85 734
766 255
663 967
388 523
873 251
765 61
786 738
966 892
845 69
612 336
961 52
507 386
418 401
343 431
186 693
212 378
273 735
146 359
852 645
464 334
63 510
584 687
615 292
843 842
521 691
423 998
616 64
155 332
228 270
88 665
839 286
753 89
407 338
820 505
17 508
860 970
511 782
277 834
613 526
407 195
584 796
92 967
771 292
75 147
847 593
725 53
851 399
900 343
260 950
448 190
759 953
32 957
516 135
224 405
22 216
387 461
762 157
11 585
122 316
126 284
382 874
787 684
537 513
187 392
116 274
45 874
11 678
641 611
400 991
607 484
225 174
387 747
742 341
713 81
948 776
573 421
28 894
733 191
880 605
150 457
365 528
393 580
508 986
49 218
840 187
34 366
470 129
808 80
258 614
29 681
966 958
924 386
775 92
9 389
125 241
971 753
698 27
682 612
849 221
831 325
997 45
985 557
387 473
114 245
812 374
945 595
621 514
289 215
74 839
237 249
608 499
171 310
789 674
403 91
798 816
412 155
199 210
445 206
394 668
431 709
166 104
516 314
152 998
467 475
838 702
649 787
709 931
760 524
723 635
339 770
948 424
387 408
245 116
709 279
943 247
66 585
359 460
487 27
36 945
993 370
956 98
992 848
545 669
767 416
110 925
454 371
258 6
852 418
600 187
735 535
611 541
148 633
10 566
201 161
234 824
132 997
187 114
595 113
899 668
779 423
229 356
90 538
561 99
376 919
859 834
440 786
542 658
872 727
983 189
142 961
310 777
262 940
290 588
380 69
55 639
777 821
741 76
542 119
285 246
626 188
518 12
315 835
697 433
428 738
178 653
985 299
603 148
768 335
700 778
256 403
9 125
635 214
895 761
843 786
95 910
271 999
674 1000
695 385
99 115
648 204
187 802
606 390
146 224
869 940
160 332
515 722
643 297
50 915
544 162
50 407
88 30
383 105
738 104
757 669
137 284
61 245
836 685
339 911
969 260
110 974
92 685
364 330
478 854
222 824
459 550
137 970
597 788
914 526
221 96
649 715
999 49
582 91
909 777
359 214
206 383
353 793
710 831
659 955
399 764
258 268
816 366
859 640
862 533
262 223
894 394
721 644
128 223
760 938
978 161
832 385
859 213
862 823
654 771
102 760
521 634
439 691
189 732
622 370
109 357
773 276
88 608
985 662
712 378
716 290
540 592
542 269
484 765
655 54
437 545
539 537
173 891
236 157
626 277
562 621
643 500
934 181
728 193
939 513
868 441
283 485
984 150
88 75
144 813
909 404
972 463
838 378
356 60
64 244
653 868
677 110
145 405
258 172
408 705
425 677
746 515
601 316
697 785
995 532
68 442
987 644
842 129
65 349
573 303
98 753
10 639
594 881
645 883
940 645
44 338
137 880
283 990
21 709
611 674
685 215
582 353
21 63
849 470
44 112
935 288
907 50
121 547
582 496
161 773
868 709
620 722
287 685
93 590
82 737
856 115
46 956
905 611
198 999
270 496
931 406
146 578
509 766
447 816
850 730
137 413
29 919
267 526
426 101
88 636
414 962
831 35
960 944
282 676
262 662
928 350
912 819
485 599
233 518
812 359
250 367
204 129
665 945
652 941
47 853
570 638
576 767
792 556
320 317
564 80
359 628
765 977
307 41
515 524
79 597
887 418
464 466
799 844
184 849
196 791
910 239
550 54
933 182
882 542
856 500
946 259
749 334
291 970
917 898
520 244
4 301
663 102
478 271
410 119
957 355
761 98
942 9
822 547
951 325
720 997
851 81
399 647
3 410
187 105
81 942
499 427
63 746
373 398
600 510
969 143
367 352
371 101
484 396
858 657
92 217
348 371
332 584
439 932
447 361
470 986
806 800
148 74
624 72
793 155
243 204
480 682
355 518
525 628
450 270
806 305
362 706
828 939
816 502
161 178
604 834
733 610
186 743
975 933
392 378
636 339
673 223
251 823
512 91
291 1
879 185
972 877
185 421
60 791
441 787
985 718
342 93
365 84
954 595
441 892
338 992
778 261
553 627
85 309
985 383
810 114
939 282
887 96
753 68
200 836
458 807
690 329
43 766
69 626
425 128
235 662
911 769
124 525
535 629
347 772
222 400
117 358
616 173
559 805
717 707
166 331
614 865
636 176
788 718
528 73
966 162
330 64
666 742
541 173
286 687
134 525
734 41
963 477
500 167
282 30
235 210
554 578
738 167
496 518
704 123
747 63
250 509
178 366
823 354
680 244
963 416
245 262
913 626
21 149
495 834
296 652
704 281
7 422
582 286
629 849
399 604
893 988
270 799
400 617
590 932
996 475
923 839
343 108
916 132
755 916
992 354
473 563
295 201
189 838
941 343
531 551
713 392
401 702
114 135
777 939
545 327
802 110
531 660
907 681
787 367
471 750
826 459
994 953
246 682
962 155
263 674
51 424
927 715
342 121
159 861
518 412
668 297
376 591
553 274
212 605
859 446
938 35
869 713
604 2
364 903
660 692
701 256
739 213
167 420
818 732
967 61
237 288
863 887
388 294
248 519
86 463
787 920
593 921
47 464
782 925
326 105
408 742
580 772
637 853
49 724
265 791
559 858
174 854
610 518
407 857
44 780
567 959
555 504
214 1000
987 552
634 834
116 506
119 933
950 429
908 448
51 834
326 565
811 663
993 232
477 439
595 12
393 562
374 801
802 974
479 690
372 258
854 922
250 866
822 420
55 271
223 697
413 82
634 34
366 65
500 750
362 452
717 259
404 500
243 132
228 208
87 15
882 341
892 750
29 946
413 19
769 379
111 234
263 625
657 762
270 311
611 436
186 526
995 492
320 564
872 97
587 997
937 427
938 116
781 746
659 50
189 159
528 791
963 616
326 280
916 562
60 428
354 177
85 501
501 270
431 55
627 900
847 639
809 44
357 565
369 613
579 694
52 606
92 515
44 670
500 360
338 383
74 133
151 267
432 343
852 988
767 123
953 795
899 477
439 12
426 893
908 21
984 723
440 817
718 388
79 202
836 823
158 735
125 280
664 576
901 893
349 336
25 657
10 350
46 368
381 127
71 999
348 360
441 314
647 158
64 607
375 577
710 570
607 838
42 606
918 919
723 317
262 75
121 659
509 780
440 365
804 91
730 658
237 898
612 338
887 209
83 451
216 643
177 899
248 38
552 849
864 579
309 526
636 447
569 498
308 66
113 926
591 641
317 366
407 398
924 788
267 751
90 390
439 159
259 687
649 27
367 610
48 882
492 133
372 162
929 724
119 29
705 909
100 593
250 34
359 708
71 208
218 516
134 782
709 606
302 348
140 335
969 737
678 203
93 297
792 476
894 881
212 718
45 582
611 672
209 984
799 621
302 207
987 965
473 611
738 17
403 840
832 214
392 768
157 957
563 934
527 515
434 846
629 425
477 172
690 305
463 489
563 983
895 42
236 725
510 12
443 85
651 392
176 872
999 120
140 915
54 841
534 71
780 840
814 951
454 856
656 433
159 6
508 420
664 604
870 126
675 124
125 429
401 951
275 618
295 343
78 29
997 841
300 495
764 580
360 258
968 65
487 923
457 732
284 539
949 871
572 562
299 62
454 150
965 612
55 533
632 396
405 582
764 153
466 692
587 944
159 747
753 392
695 549
241 252
631 427
6 330
502 741
564 352
214 41
433 7
570 817
627 256
773 252
687 972
178 630
530 483
531 966
34 754
53 278
190 913
742 674
532 484
75 83
882 801
192 725
449 186
878 717
296 275
683 929
977 652
106 758
360 666
53 601
221 298
62 393
356 686
640 875
143 584
278 225
351 981
744 591
977 482
19 711
774 897
939 886
748 510
523 948
109 692
336 812
691 54
563 413
565 747
898 84
933 246
847 107
633 59
597 986
345 584
110 765
383 651
521 896
168 440
921 158
754 417
774 148
401 686
964 433
893 874
846 416
349 664
956 416
634 582
905 593
106 511
685 943
928 876
512 363
259 943
380 865
400 216
954 48
668 870
858 404
966 811
698 61
954 931
172 804
907 347
376 631
506 554
254 632
225 809
938 383
498 182
725 597
392 279
584 267
24 851
381 619
649 369
669 110
363 222
873 979
394 604
752 748
74 968
881 456
455 181
350 917
753 150
517 219
596 708
856 681
553 655
40 982
27 240
763 202
911 868
201 549
312 650
830 844
227 281
285 748
874 836
674 712
201 694
481 757
123 585
362 387
696 479
398 619
183 659
905 629
329 171
774 877
371 599
225 10
316 423
979 225
193 596
196 669
204 27
643 86
547 854
965 111
396 350
516 639
296 730
500 90
870 842
504 413
177 73
641 730
884 960
496 769
335 776
180 975
457 954
686 2
872 535
657 309
319 260
46 708
968 10
880 758
76 575
974 96
81 151
67 452
621 789
950 584
590 48
261 300
651 924
798 221
682 570
85 537
951 490
604 779
214 804
254 660
981 735
532 207
169 935
167 148
797 61
47 962
341 548
327 466
554 274
169 816
441 699
523 533
873 600
468 740
930 497
53 334
147 777
973 429
223 18
118 364
932 602
605 790
754 348
648 177
706 411
982 308
181 603
221 670
8 191
796 136
340 252
568 343
808 326
942 273
937 275
619 900
748 32
550 490
454 415
683 663
762 132
434 939
519 910
633 913
10 746
692 542
114 253
168 338
131 870
887 909
653 213
267 358
984 724
457 884
620 544
742 319
796 739
70 504
954 295
771 935
205 351
633 348
906 642
120 137
249 619
837 426
684 275
797 556
475 22
292 608
224 790
819 849
713 502
732 438
920 56
538 747
741 416
299 213
137 306
905 350
266 406
256 128
901 304
774 70
600 975
965 598
976 142
740 255
996 65
100 30
798 987
470 120
809 546
497 62
668 483
267 750
90 391
2 506
682 195
268 928
360 897
401 193
645 110
59 865
445 24
265 658
30 914
415 928
878 310
660 621
368 11
79 599
260 147
69 557
216 111
677 302
113 473
630 326
705 61
781 320
178 151
677 191
515 812
22 426
166 444
288 554
524 458
901 586
601 286
287 297
435 474
202 21
594 561
760 441
390 811
351 662
602 880
420 285
352 443
405 431
796 592
79 873
119 876
101 417
966 254
159 1
400 752
598 974
2 719
132 802
849 304
837 287
475 114
647 18
48 354
890 927
372 490
996 263
449 716
357 459
877 516
949 151
897 356
621 767
927 576
950 739
186 596
958 814
426 71
564 353
648 593
476 961
317 303
922 610
726 181
985 381
14 241
753 233
458 455
294 33
117 578
178 509
469 197
511 862
592 184
556 547
886 830
691 316
51 157
680 555
723 655
939 570
440 86
16 453
8 583
815 84
981 188
415 698
326 3
274 744
257 520
583 169
343 964
126 428
307 338
878 927
112 266
793 543
44 615
652 358
266 697
260 302
445 815
585 861
845 440
516 501
59 354
123 859
173 150
893 519
732 939
896 655
571 271
713 687
221 138
421 984
542 668
563 675
489 210
325 380
607 824
332 648
48 223
799 132
14 792
128 839
59 945
332 115
633 276
372 296
138 288
358 335
675 27
253 123
201 384
440 712
955 251
996 453
851 314
444 892
86 581
486 483
569 621
136 936
493 445
685 831
580 43
141 909
290 457
937 770
76 506
423 103
605 942
855 96
864 647
877 744
204 406
223 394
543 711
803 618
555 253
972 994
192 532
996 278
565 93
15 188
639 820
540 877
193 126
47 783
363 426
554 81
757 630
60 394
815 266
692 199
655 509
14 495
531 195
164 440
633 553
463 876
807 852
990 119
270 56
616 456
264 509
818 828
259 593
50 402
892 653
753 721
168 89
526 356
675 618
568 666
849 419
166 983
212 241
438 887
149 768
506 3
45 943
836 590
503 931
185 724
607 569
278 863
780 855
489 206
704 359
44 248
372 157
317 30
429 306
713 140
586 887
550 794
436 691
334 81
12 493
508 348
432 888
756 473
919 266
870 353
843 122
603 422
806 761
379 630
646 918
835 91
540 24
773 273
409 543
527 294
930 300
256 451
298 445
579 239
561 584
545 67
17 746
238 856
510 989
495 630
317 343
890 395
670 325
857 322
697 750
108 316
414 647
628 774
437 558
187 823
204 239
771 701
730 355
721 890
679 286
683 859
423 732
942 564
726 991
812 87
625 200
347 110
352 596
23 395
705 80
388 260
373 962
94 36
539 169
784 15
212 55
782 895
677 107
151 8
511 197
149 578
459 630
463 102
477 70
297 480
481 131
883 600
338 159
429 116
797 379
965 66
508 531
880 934
573 413
277 192
284 372
943 639
287 380
549 404
275 995
883 374
527 952
154 418
816 269
465 433
618 137
27 976
90 558
951 177
384 185
387 830
263 147
803 486
271 644
534 266
594 33
232 354
159 467
751 789
882 484
849 245
873 187
707 211
376 577
321 662
366 92
594 323
816 841
125 971
109 326
533 641
850 616
483 145
212 945
488 313
881 262
682 817
440 60
316 599
299 259
384 515
388 75
119 51
212 663
696 92
772 465
77 539
977 533
796 463
374 231
730 327
472 107
691 931
41 858
416 882
762 967
339 874
786 471
508 994
714 181
169 659
403 842
886 415
230 339
359 53
736 564
311 182
888 751
62 860
196 726
179 544
418 696
420 656
116 397
542 673
859 559
533 930
277 228
889 884
317 739
49 77
895 266
701 605
371 102
581 999
432 34
412 966
811 622
267 240
430 668
115 26
264 897
285 460
693 511
125 141
822 29
338 120
418 239
185 200
298 873
150 670
617 77
85 623
877 515
881 704
3 1000
975 934
389 463
816 885
752 883
968 944
919 851
578 723
81 583
177 830
17 545
855 818
596 819
958 190
816 595
191 341
877 950
333 516
810 794
268 581
472 216
659 108
158 733
592 185
575 256
616 207
815 369
726 916
52 835
368 40
131 340
888 847
669 716
784 634
730 458
307 439
679 439
38 261
79 731
503 791
305 682
179 241
737 687
295 979
866 13
852 200
376 257
563 23
659 469
568 767
161 831
681 416
404 697
83 506
726 592
395 790
148 582
295 817
336 814
540 492
656 241
735 531
614 416
909 882
264 255
328 209
258 292
701 752
832 833
176 997
413 968
231 833
783 990
474 726
456 117
333 949
426 597
957 983
445 91
508 313
461 77
153 292
64 921
285 319
16 540
592 571
573 792
590 852
376 522
87 100
659 607
76 507
224 590
914 66
399 404
168 901
652 693
394 459
159 713
97 910
646 213
351 337
545 422
207 449
440 244
408 121
27 468
355 995
392 119
650 305
640 269
209 602
122 845
556 512
834 254
818 731
13 827
237 285
882 722
593 525
208 557
491 402
930 828
737 602
847 533
830 989
815 107
563 194
965 527
987 926
126 638
239 837
22 789
61 241
709 677
698 726
36 977
771 30
735 849
496 726
280 547
207 136
321 541
916 800
143 844
899 482
849 691
244 131
828 898
852 450
205 552
889 835
637 549
656 108
175 716
345 925
253 828
182 248
837 467
757 380
315 473
266 783
858 677
922 338
462 395
564 887
547 99
589 484
127 549
55 264
977 322
888 227
500 745
99 604
771 760
612 554
299 14
837 615
111 134
307 334
298 801
794 938
483 487
764 876
285 37
488 79
678 516
418 390
207 194
960 825
958 788
507 483
994 822
950 680
671 563
4 866
372 880
36 989
103 960
511 563
114 283
955 819
5 88
743 964
865 862
863 447
294 110
854 150
268 525
447 192
622 946
834 194
302 468
984 235
105 774
839 87
491 493
712 435
757 144
616 406
544 83
772 163
761 85
577 29
62 583
304 679
624 235
269 919
161 886
643 150
939 803
64 103
905 663
856 195
508 846
491 152
439 408
79 945
233 634
306 352
112 418
408 936
153 160
710 908
896 584
932 414
491 966
93 902
580 424
648 87
961 531
513 497
864 427
180 124
665 174
645 896
81 983
740 79
68 235
533 879
951 176
650 653
620 703
569 571
785 662
751 295
21 428
189 794
797 731
779 112
430 752
590 18
363 920
215 987
567 358
373 499
937 857
534 597
149 441
330 121
673 823
288 650
206 721
155 549
602 198
693 45
94 570
63 485
77 649
122 786
839 277
694 568
574 66
891 970
412 449
621 93
89 116
329 549
311 717
386 676
51 282
645 786
50 377
325 945
970 294
454 223
793 905
723 610
67 713
552 374
207 689
108 86
36 779
18 874
628 941
455 707
38 361
942 307
725 161
766 535
723 832
945 462
396 2
535 17
5 786
762 265
121 135
932 35
153 188
63 641
465 754
301 12
70 331
935 973
221 213
729 770
10 494
638 158
274 631
90 656
853 181
79 344
266 199
504 326
488 971
949 578
874 590
884 169
812 190
279 795
413 773
50 705
659 892
987 754
73 672
183 447
518 644
101 18
506 930
638 971
15 742
769 390
755 45
169 690
224 675
462 669
176 262
747 689
397 866
916 450
163 267
703 922
617 221
958 650
836 377
584 274
327 374
399 101
797 127
579 25
427 292
726 344
299 917
213 850
630 740
546 967
423 816
851 973
587 659
379 457
762 663
854 111
202 789
469 195
678 953
811 344
812 951
482 78
213 206
530 128
553 289
56 263
844 480
529 312
415 535
184 427
222 39
593 945
170 642
372 4
545 950
322 585
855 472
623 757
813 529
49 684
500 121
311 356
773 607
559 450
213 514
235 214
272 92
468 107
944 782
615 875
768 945
629 59
634 355
860 303
305 117
897 873
310 454
339 306
231 832
343 266
895 297
771 993
611 766
546 419
672 874
334 532
824 705
586 928
970 579
664 810
495 44
634 38
210 332
140 615
630 918
271 767
863 881
590 987
721 856
428 451
890 945
816 52
346 107
450 366
927 768
640 194
195 472
76 500
522 234
775 204
797 308
293 629
685 735
464 493
542 120
357 382
695 522
394 280
960 29
208 994
542 395
321 261
677 879
621 370
90 458
769 573
698 740
243 744
126 931
752 638
364 876
848 161
113 794
104 433
804 948
791 670
369 787
189 232
170 227
515 973
731 621
919 314
88 116
674 711
416 699
383 135
365 632
293 235
630 140
351 837
526 507
490 731
752 58
454 438
645 471
852 237
362 273
14 702
533 662
625 413
18 709
841 197
330 322
461 556
136 919
429 14
110 813
40 307
499 502
878 116
46 489
602 180
126 59
145 1000
700 876
921 127
448 679
461 321
976 12
952 411
211 648
818 416
736 344
555 543
295 280
615 339
984 823
368 888
629 595
465 134
90 797
418 276
223 603
191 57
102 588
360 123
751 81
186 667
460 14
760 764
63 115
229 839
190 114
561 590
711 468
289 259
221 840
223 142
611 626
389 824
194 384
470 317
327 92
187 841
501 409
48 837
468 854
605 787
75 28
611 446
325 988
677 311
805 450
208 522
891 783
109 966
331 468
768 439
173 425
501 44
252 818
880 107
301 261
948 254
305 834
892 770
676 343
1 943
183 918
935 638
316 309
819 662
567 780
658 616
491 953
899 366
816 432
3 222
555 861
283 834
909 522
135 118
419 258
438 482
258 668
977 284
210 133
358 277
50 730
16 982
410 754
565 686
328 855
37 945
920 59
793 307
426 332
211 898
966 886
20 228
497 209
427 170
655 962
296 268
682 940
313 199
811 192
321 348
998 566
105 421
570 793
938 197
761 862
891 239
360 885
158 456
78 739
502 959
881 102
703 480
55 962
544 402
49 852
857 205
757 556
294 794
740 318
65 482
88 957
394 964
35 662
696 188
382 547
365 431
603 282
978 986
274 703
840 775
876 61
87 806
680 848
876 76
530 797
1 548
582 610
540 283
180 678
17 315
330 267
41 948
631 587
66 573
379 998
166 195
576 94
813 351
214 788
750 842
993 187
281 231
107 725
419 337
901 861
135 21
638 238
366 208
186 31
778 844
465 44
894 455
241 517
2 637
940 27
427 1000
237 977
988 783
493 359
367 178
650 384
815 846
779 236
410 889
17 773
621 98
826 321
845 99
119 322
569 417
18 489
755 330
350 530
25 727
483 143
748 641
363 677
384 626
597 484
764 123
82 595
632 733
192 698
663 883
90 265
790 708
683 788
374 193
268 726
274 451
761 453
584 830
878 576
348 603
826 999
757 945
245 205
890 18
728 169
784 651
88 8
363 126
115 575
330 77
488 453
98 481
889 474
136 670
710 152
303 786
95 481
92 711
994 167
979 201
317 946
357 741
104 131
897 590
770 244
205 945
150 18
353 902
413 676
602 851
287 159
325 488
160 888
59 212
499 285
547 363
970 878
76 817
495 841
277 6
704 286
138 348
874 194
749 770
642 220
850 538
524 152
944 939
12 452
231 720
776 921
941 449
983 202
675 237
989 469
242 890
774 227
857 351
285 430
563 476
626 980
204 258
441 80
66 110
261 325
65 588
545 346
786 548
401 578
789 863
95 696
721 121
828 827
914 511
816 787
731 416
717 205
699 590
331 789
781 880
998 766
947 632
33 136
413 544
950 637
440 246
60 679
223 149
852 751
541 80
959 225
990 713
807 941
645 18
36 543
806 239
826 665
539 416
62 194
355 195
624 776
327 153
809 938
477 812
106 726
912 429
80 307
144 967
331 299
210 568
112 644
766 989
511 34
974 654
876 148
624 69
36 323
323 847
511 179
956 28
261 946
415 441
718 514
465 785
176 677
404 957
97 421
302 803
895 536
453 296
77 492
168 408
297 54
230 202
604 451
842 472
400 571
758 604
789 32
704 536
957 874
637 502
675 137
824 589
25 188
56 567
788 488
590 52
93 612
595 990
525 951
802 28
931 480
94 802
776 31
251 773
255 885
863 522
967 685
903 4
80 107
314 338
394 493
837 903
753 340
716 344
831 121
267 238
904 289
777 53
906 403
946 676
621 486
42 601
916 584
919 635
42 221
670 475
229 649
903 596
311 747
632 900
621 8
204 968
522 549
888 958
531 337
934 830
39 926
904 893
889 289
155 165
726 700
468 164
269 917
585 630
619 159
936 430
24 872
773 517
357 684
987 877
917 586
330 276
831 948
558 852
838 68
148 632
455 908
166 705
979 110
861 110
98 634
139 164
286 277
732 253
698 957
571 185
521 813
433 299
334 176
444 688
229 422
232 470
910 889
905 607
231 536
415 367
385 262
647 42
393 819
965 387
380 933
343 19
592 517
390 160
67 53
489 201
416 491
15 317
417 6
973 9
115 289
798 76
110 156
312 155
275 17
422 352
527 263
215 827
536 234
588 389
246 663
941 973
964 626
751 842
711 663
223 237
80 373
613 853
912 696
783 79
663 47
74 671
701 466
313 529
948 780
52 874
623 509
44 970
743 712
448 407
184 401
120 527
175 221
417 969
714 801
731 965
810 476
759 976
838 390
519 977
678 351
67 971
131 936
157 952
943 841
435 540
931 689
960 232
23 255
304 419
325 499
234 718
790 71
477 216
262 492
136 848
106 226
127 419
509 231
280 827
978 430
232 532
339 280
693 681
766 465
992 126
446 470
82 10
543 171
211 722
983 944
479 753
940 901
871 960
390 98
393 734
785 880
659 580
915 942
518 249
497 867
258 899
354 748
595 918
617 50
871 637
362 607
129 918
940 314
1000 213
587 951
845 601
204 509
612 450
389 93
726 350
798 827
337 517
94 532
20 479
497 478
208 919
562 890
998 674
806 369
863 352
242 362
669 935
464 726
342 817
380 508
679 338
57 967
95 27
521 236
464 591
174 622
446 755
143 689
75 39
264 374
639 559
736 774
882 572
795 159
804 711
607 146
519 812
919 246
558 946
763 496
69 303
239 659
723 862
540 376
65 47
174 42
272 94
37 309
813 12
538 329
634 510
926 976
124 832
676 255
804 52
201 217
365 982
25 427
568 847
20 746
2 909
817 16
563 724
749 36
834 236
714 360
662 152
186 65
611 736
244 511
392 704
11 54
395 471
93 750
779 45
907 112
343 106
823 828
312 390
103 758
495 415
189 832
336 508
337 85
30 112
698 454
919 914
591 433
573 902
17 992
663 885
25 513
669 248
212 901
284 282
539 788
332 46
557 547
468 606
470 420
702 243
356 267
164 710
78 728
298 921
256 992
424 314
591 922
878 288
743 643
123 366
184 474
807 658
80 603
193 156
18 801
464 841
835 660
691 58
268 473
829 152
136 699
728 53
729 284
35 399
236 372
607 263
283 444
631 669
321 737
925 790
505 365
748 479
987 689
418 652
818 237
64 877
537 371
768 553
732 794
491 620
573 486
595 18
997 682
390 264
928 943
283 888
825 537
842 473
370 454
851 365
124 697
196 94
859 822
396 520
127 550
115 38
489 731
76 395
21 262
392 474
452 390
30 412
989 681
751 83
328 402
358 718
75 579
66 435
488 449
108 538
53 183
590 326
169 938
851 790
768 290
364 707
860 728
735 476
347 567
208 863
873 579
433 894
658 369
790 786
630 605
167 497
243 887
209 699
339 628
601 841
549 745
828 124
881 201
482 116
174 678
930 748
939 957
347 322
434 66
936 256
187 387
282 190
339 963
625 637
141 73
658 821
584 338
224 385
994 253
202 262
960 53
469 573
823 386
805 179
37 281
376 427
853 679
303 698
272 166
880 843
737 950
495 930
245 343
465 696
358 94
620 773
733 34
98 635
413 540
840 312
768 565
487 655
861 414
441 467
520 746
280 847
278 750
561 450
874 27
927 23
162 399
917 13
591 218
703 572
427 881
300 1
543 71
81 533
267 200
395 287
971 892
811 919
945 845
380 934
609 696
156 155
647 442
336 452
228 242
162 192
169 740
620 874
26 742
760 683
410 914
68 682
237 3
552 855
954 727
100 27
735 419
497 49
984 475
212 659
85 139
271 282
41 365
613 677
383 699
800 14
484 623
246 278
985 6
70 736
56 366
810 187
671 979
248 726
527 250
160 284
839 52
899 867
293 208
776 246
662 217
34 500
948 476
838 787
406 384
286 698
586 356
255 19
790 378
466 294
429 178
140 171
560 742
5 799
121 132
647 415
478 528
945 173
339 170
544 419
897 770
149 949
228 594
465 256
395 93
968 361
979 875
980 528
840 163
676 777
336 642
957 800
584 168
732 480
237 574
272 590
772 863
864 168
479 513
209 37
437 61
793 269
298 853
669 354
300 267
755 223
846 778
66 212
120 244
513 783
473 378
591 356
863 589
940 458
164 860
95 868
65 817
372 939
285 780
513 553
735 276
94 420
791 518
901 66
532 482
847 799
173 700
216 161
554 9
306 840
574 204
759 208
706 476
924 395
277 735
792 813
529 662
175 240
508 915
808 259
762 86
641 933
914 403
257 956
719 356
496 686
990 89
339 104
767 424
736 468
240 675
115 529
266 565
310 298
554 732
370 705
707 706
562 195
46 464
28 811
529 778
896 563
71 647
720 855
721 897
816 257
903 336
70 453
86 760
167 725
315 302
720 397
854 881
380 776
987 272
102 68
988 975
684 464
6 236
513 216
38 733
189 863
741 402
609 529
695 353
368 942
938 470
811 876
115 363
298 841
853 277
428 436
910 592
968 833
592 861
864 914
538 607
446 80
376 322
21 564
812 737
100 211
983 264
254 616
748 470
779 996
393 262
506 377
694 628
22 132
635 172
70 665
532 390
271 338
958 440
246 510
999 532
584 973
804 518
736 948
757 994
721 72
18 484
616 446
49 995
321 838
247 667
14 355
571 866
204 565
571 723
398 621
757 772
616 604
448 254
451 689
456 729
164 125
844 628
684 993
757 181
312 94
121 211
943 768
583 281
538 174
808 29
775 587
10 579
248 202
486 68
70 263
644 562
477 287
82 177
488 616
875 884
696 799
756 145
168 410
962 784
10 421
756 47
358 413
988 60
970 531
317 270
650 661
281 334
581 955
41 735
965 429
253 395
129 819
557 211
831 308
204 288
497 810
883 209
315 921
959 464
262 896
621 561
786 518
203 920
995 388
977 241
579 69
966 618
785 437
753 330
453 908
199 253
420 766
574 987
924 190
673 506
355 52
360 939
757 676
313 507
541 163
869 534
653 553
928 40
179 414
199 35
80 425
544 504
784 567
431 60
721 522
553 382
292 278
934 173
113 311
41 18
792 758
578 219
635 406
49 527
87 799
202 231
605 143
503 688
302 186
40 155
434 978
363 56
149 12
974 874
598 504
608 632
878 856
741 820
481 134
943 804
233 485
748 316
880 844
187 106
701 618
728 816
196 270
296 700
758 924
486 243
768 566
552 397
827 21
971 997
85 899
399 596
233 144
138 654
551 746
399 585
940 931
525 759
584 141
271 643
932 719
661 23
186 489
171 375
233 946
451 7
557 934
567 354
823 660
807 307
294 450
721 54
722 265
405 555
30 472
753 485
291 289
627 444
96 564
498 248
940 487
523 329
263 594
750 442
878 111
716 382
221 824
167 182
872 68
529 316
125 552
952 92
492 365
630 527
631 226
655 276
421 932
264 285
454 817
791 825
757 696
139 971
344 443
217 179
218 412
735 209
8 242
965 417
249 258
246 465
238 714
725 60
563 145
467 292
767 337
236 415
58 971
420 214
192 29
669 517
156 760
737 450
344 840
98 331
995 683
447 844
502 489
305 867
487 127
568 599
753 621
847 495
409 189
525 87
13 259
914 590
116 394
228 716
875 943
931 913
325 386
680 175
61 205
444 624
546 552
215 439
870 113
543 149
876 674
769 248
252 969
663 540
868 530
297 899
735 822
85 776
530 903
552 647
536 268
229 172
172 168
964 156
590 114
422 672
522 242
135 325
67 19
418 347
828 786
333 419
678 576
733 747
351 376
388 246
483 176
889 710
657 699
566 309
459 347
102 394
114 460
521 148
631 337
670 375
449 401
47 383
472 814
365 221
494 387
652 841
147 839
222 265
919 445
422 255
673 275
692 233
51 227
714 609
696 236
184 448
661 357
282 981
250 65
602 282
565 406
914 238
937 652
900 429
852 870
670 819
662 739
826 868
810 446
95 328
840 693
353 42
446 781
586 488
808 34
116 383
596 65
362 888
746 722
838 130
344 578
642 441
885 173
652 66
927 456
288 921
387 644
555 777
313 375
661 470
724 860
31 20
768 766
200 16
325 469
896 338
978 178
983 199
312 392
215 46
492 753
113 748
165 433
414 864
744 169
124 91
843 559
399 69
602 186
216 497
513 667
808 789
146 420
994 544
811 410
725 688
418 840
929 843
165 361
95 1000
78 734
434 378
986 831
957 142
798 582
730 312
126 641
627 944
541 480
856 462
624 922
135 756
672 480
508 770
969 674
770 427
933 455
537 427
978 560
596 135
173 466
232 914
969 307
400 114
457 103
81 691
562 386
20 516
429 249
140 108
602 899
641 561
500 521
602 439
420 460
884 809
667 837
634 272
162 191
177 241
869 565
951 389
278 849
637 544
638 331
514 67
947 855
335 785
798 411
90 596
971 965
992 56
149 93
81 895
614 163
396 522
950 97
334 202
674 383
864 849
422 665
595 995
101 86
313 62
445 965
371 752
195 900
427 66
693 163
428 186
74 900
419 823
985 185
747 923
511 574
721 260
994 412
8 505
320 443
125 756
611 341
4 909
795 906
501 357
448 287
62 500
428 989
624 728
326 272
200 900
114 758
780 921
984 240
771 377
269 1
108 111
169 501
244 607
799 625
639 374
847 357
758 64
207 250
706 551
529 38
916 787
280 516
577 306
762 254
474 966
257 788
165 675
978 310
460 993
490 108
759 407
366 699
239 427
818 286
512 925
324 235
58 475
826 241
480 441
651 322
135 45
104 629
983 937
50 583
715 891
711 995
56 615
978 996
438 401
38 582
833 881
842 733
834 605
284 702
203 566
898 714
919 980
409 300
670 126
394 317
848 275
116 696
618 710
994 633
557 617
562 853
567 623
750 42
570 916
789 630
227 235
360 904
105 270
296 400
118 323
374 249
804 968
258 91
329 552
743 709
50 370
415 574
342 522
368 145
41 13
758 386
795 180
762 961
179 155
994 44
867 262
74 864
9 632
321 702
948 589
930 976
473 619
577 365
784 833
754 831
786 356
461 543
248 148
528 326
858 981
257 880
274 814
995 578
282 293
600 344
158 656
324 184
749 905
228 604
528 415
823 55
625 788
132 922
684 351
279 673
699 122
797 521
482 829
234 367
346 293
346 155
924 652
530 791
656 742
806 680
38 518
510 579
949 498
21 932
190 349
685 359
435 670
717 84
935 413
773 450
98 207
116 621
726 482
413 467
255 782
493 133
720 215
186 607
975 861
130 858
493 22
31 117
578 348
17 692
398 91
783 954
522 823
227 7
230 858
476 850
195 596
894 200
245 678
877 210
435 67
806 86
539 564
645 220
848 984
320 129
283 55
140 404
92 957
520 10
943 8
948 434
416 515
793 631
421 286
406 418
409 382
871 282
856 17
434 923
917 542
865 325
605 283
552 153
491 871
130 83
581 274
654 614
607 450
115 896
296 742
25 424
872 971
852 283
799 252
931 908
384 345
3 481
615 68
577 234
163 185
680 283
555 665
992 29
724 972
620 621
860 52
44 49
834 18
319 377
211 608
453 739
772 829
845 801
498 654
650 465
584 85
591 434
315 639
416 278
215 926
492 513
589 173
937 660
774 1
557 399
815 735
708 781
394 501
553 836
751 937
475 738
315 861
506 276
734 916
661 514
387 875
407 462
636 110
948 82
878 407
539 567
117 559
566 560
951 802
554 88
423 674
152 972
65 61
528 947
13 821
161 514
866 158
644 105
810 369
403 573
668 119
743 525
100 529
577 81
254 947
377 93
363 94
933 454
75 802
979 376
410 5
265 798
322 729
218 998
115 638
975 236
624 200
54 751
809 362
663 387
79 72
889 212
118 742
178 267
913 708
76 962
693 288
979 967
852 319
363 965
508 629
591 82
6 940
903 182
335 784
104 538
952 592
988 62
560 797
870 585
141 126
655 678
694 200
309 358
664 779
480 764
387 856
272 648
516 955
42 754
246 882
393 868
567 555
186 309
557 354
137 367
122 695
711 685
977 247
66 398
237 183
530 419
275 102
284 720
115 258
550 336
15 104
933 981
846 610
191 363
752 415
518 100
218 279
792 474
799 973
146 171
455 439
598 173
549 871
571 787
628 800
972 370
799 435
464 921
268 361
70 933
566 830
808 334
883 914
554 862
22 856
251 475
335 259
744 252
156 662
857 775
531 450
239 871
259 135
689 590
653 116
376 319
49 751
620 98
657 488
68 404
490 331
491 158
314 765
847 277
6 735
724 64
887 532
376 430
84 999
748 318
767 98
573 258
475 418
239 581
885 243
903 500
650 327
176 837
504 82
44 464
71 696
674 244
723 121
727 577
84 709
567 184
469 909
642 17
185 618
371 949
573 519
44 219
322 670
229 337
211 314
267 124
718 175
639 73
495 242
423 369
558 276
941 500
10 214
157 389
361 250
111 962
846 19
152 59
386 354
542 776
233 944
286 74
148 47
205 10
323 195
622 421
411 497
605 204
266 353
693 134
252 90
612 298
460 47
336 229
302 830
911 224
368 726
27 485
869 342
998 698
485 605
878 476
865 771
916 761
313 420
243 679
718 510
568 174
342 809
610 569
810 23
89 782
5 311
136 58
283 189
764 306
81 907
791 733
705 900
868 496
173 742
605 739
592 498
743 597
433 458
969 744
771 446
682 271
98 470
247 571
88 160
779 138
398 555
207 217
931 775
301 356
115 517
141 251
415 492
828 27
499 663
26 13
634 486
391 375
31 796
903 472
301 6
139 375
451 425
26 569
434 681
353 863
653 322
89 837
128 883
609 398
93 789
473 213
508 300
327 808
328 922
867 872
674 309
894 110
175 992
113 629
578 921
280 76
997 961
731 189
767 555
716 559
592 741
204 283
591 473
149 374
427 124
600 772
310 762
523 785
487 587
167 118
405 589
29 113
626 363
720 200
494 167
428 753
311 920
460 162
338 982
601 52
109 794
398 88
369 152
226 867
815 393
599 294
838 538
70 688
659 117
496 229
739 163
721 476
762 768
632 163
657 884
566 708
181 618
240 26
114 575
117 364
833 43
248 757
925 635
32 246
969 707
256 974
187 594
439 312
874 523
446 928
343 988
753 702
349 43
376 375
50 200
308 560
38 594
532 912
738 189
940 545
402 461
842 207
814 579
366 641
917 767
594 924
482 750
874 188
585 167
272 368
951 464
822 800
276 463
52 592
997 771
528 208
893 978
710 191
560 193
48 53
251 542
493 437
224 726
392 546
307 657
470 879
876 934
751 202
280 215
15 369
989 754
313 145
209 288
545 462
447 250
512 49
73 817
494 323
712 813
351 350
560 269
947 639
458 400
481 977
427 407
708 202
637 240
199 624
517 194
5 510
905 160
302 592
583 833
437 579
353 392
191 596
263 971
530 222
199 969
626 375
592 299
616 417
134 828
654 206
622 763
112 64
809 62
816 187
758 459
425 805
246 159
531 425
550 455
610 178
648 331
740 977
67 853
839 799
398 739
280 554
926 929
212 249
16 36
550 673
478 604
960 203
391 191
788 945
14 845
382 395
21 191
757 325
315 478
564 975
600 384
379 643
641 601
769 181
73 256
291 345
750 101
975 291
776 811
584 148
987 369
825 654
38 865
444 792
543 508
120 969
158 26
272 649
475 946
955 396
775 153
376 557
696 524
859 40
931 487
202 694
656 958
859 89
948 602
43 116
925 78
358 943
199 361
695 612
642 656
789 279
242 204
428 697
360 799
158 470
511 568
310 701
121 318
190 967
446 429
570 609
735 361
264 212
728 473
863 166
985 46
415 951
252 763
630 448
244 699
316 792
118 148
340 150
268 667
10 794
62 122
365 453
633 717
226 13
333 807
725 37
892 570
576 748
843 230
535 292
791 926
246 251
486 682
235 118
164 186
938 577
444 154
926 882
672 381
900 157
219 666
878 863
348 830
268 223
75 383
182 445
663 422
813 373
395 164
912 74
552 481
576 487
559 742
533 775
970 675
935 951
97 309
542 623
618 241
487 536
272 471
755 824
964 20
641 479
755 937
688 94
45 335
289 997
453 698
78 297
724 731
873 231
211 904
267 938
289 86
346 568
76 314
369 256
684 185
243 283
794 905
134 158
137 394
781 977
48 731
45 297
590 311
132 395
171 167
857 388
750 441
431 270
889 632
551 9
165 350
609 888
27 405
13 922
380 469
455 5
791 623
204 779
151 780
556 103
601 169
873 716
468 880
450 647
969 909
161 600
352 260
59 482
619 573
97 971
575 714
615 521
744 718
726 866
583 47
70 932
397 110
300 377
169 471
947 224
566 906
3 88
179 450
59 410
84 917
988 419
116 358
232 891
638 423
141 331
110 892
435 594
93 312
281 120
410 284
874 345
486 3
591 100
405 39
884 335
604 273
785 585
699 15
183 150
847 191
560 855
727 469
747 507
769 253
384 157
722 55
376 606
486 508
879 383
555 605
669 461
513 97
453 670
937 813
702 623
24 82
650 394
778 71
360 42
716 703
655 925
80 871
332 176
155 617
307 515
837 969
548 700
200 514
646 225
219 677
43 956
560 354
673 69
105 395
413 322
498 145
124 30
82 877
532 383
237 15
900 685
65 166
563 419
873 543
804 927
307 225
910 736
501 347
341 386
415 911
967 82
753 962
331 180
39 639
172 835
631 993
698 262
134 992
891 717
359 371
737 679
719 499
630 42
391 436
92 348
433 326
397 227
861 798
165 775
49 310
875 110
857 751
897 576
382 178
476 211
594 522
477 134
67 918
359 166
845 667
791 277
837 55
106 195
803 251
326 964
116 24
370 565
138 326
67 692
768 753
879 701
935 882
228 961
943 684
158 940
696 960
399 386
573 703
500 669
926 401
323 124
578 323
293 796
664 160
502 284
607 402
133 739
372 936
721 994
426 270
446 197
983 38
163 549
458 703
739 514
815 729
125 907
787 376
152 641
890 525
872 112
30 678
267 720
877 769
313 370
172 723
1000 468
584 531
477 516
773 87
521 6
852 560
504 670
753 29
535 573
420 599
320 368
786 117
165 72
557 111
927 384
726 827
433 384
14 359
151 26
744 518
89 39
486 655
918 376
739 269
616 576
525 186
879 797
398 736
90 591
788 963
109 654
408 399
939 989
591 900
639 2
163 423
2 777
548 82
641 720
179 657
92 118
55 98
572 840
673 743
871 252
53 974
148 311
685 120
543 110
803 34
470 942
129 134
994 312
724 593
104 826
620 738
717 312
534 726
662 411
849 128
722 142
544 850
444 475
580 112
484 173
357 441
285 396
968 8
786 755
659 387
522 137
924 613
82 640
8 768
693 160
17 967
433 919
699 608
21 596
650 164
688 511
664 376
499 190
761 820
687 548
1000 304
239 254
269 253
640 737
476 817
494 446
574 183
410 873
957 21
892 341
74 756
437 145
790 545
355 229
743 548
505 208
325 965
292 274
757 962
706 256
891 785
515 826
843 153
740 615
245 143
652 449
348 425
201 809
454 405
535 404
594 688
779 974
84 114
156 519
909 127
839 770
960 185
107 448
35 319
491 801
917 709
679 810
938 674
806 673
139 333
515 246
111 633
883 464
277 215
81 958
887 820
447 667
799 182
197 864
609 96
367 193
297 794
736 680
486 326
306 728
55 503
37 856
6 793
246 946
51 896
67 916
604 44
328 975
20 909
168 664
459 458
564 706
589 273
366 250
682 537
298 890
779 249
841 512
290 262
829 851
441 914
850 718
506 616
368 633
185 405
962 167
21 266
450 115
659 381
40 747
212 840
721 212
9 80
502 775
854 488
13 520
568 193
713 824
720 12
460 271
559 339
227 236
780 929
108 281
289 401
8 103
818 520
271 406
147 668
956 670
124 81
406 699
498 696
579 609
429 634
964 941
480 639
74 379
936 338
476 571
421 406
888 939
559 208
526 11
430 412
322 637
162 774
649 988
979 325
796 789
134 916
908 895
809 134
991 535
297 442
559 54
600 61
876 218
490 429
953 979
308 862
157 803
250 493
453 200
992 790
828 388
427 549
856 698
226 562
582 159
417 527
842 312
864 464
332 670
886 332
603 573
783 973
733 178
612 805
746 819
922 355
598 964
987 267
699 127
923 887
29 700
358 296
417 218
438 368
462 378
90 813
692 496
39 212
96 502
228 147
615 481
746 336
584 395
270 472
772 634
739 745
775 369
246 555
891 418
945 590
242 130
66 500
159 877
74 987
427 390
493 19
774 58
160 426
794 438
490 811
507 155
132 142
924 226
835 457
308 335
938 962
339 563
52 852
734 360
829 428
207 488
759 175
148 903
517 49
106 765
948 270
507 598
662 628
631 913
657 148
940 806
809 81
633 885
745 851
306 537
949 347
301 326
625 634
537 744
120 894
46 106
710 957
145 619
845 666
870 823
410 369
802 591
785 411
913 622
336 581
633 177
83 591
873 354
864 107
441 270
222 645
443 360
101 348
250 850
768 865
20 982
132 776
958 692
410 642
125 55
402 626
441 232
189 858
464 199
942 434
244 263
590 936
691 825
677 886
792 180
59 800
722 461
704 832
614 900
878 647
15 480
200 575
823 585
495 446
5 218
794 881
321 285
968 548
734 923
271 187
38 146
938 132
904 268
483 33
502 847
104 298
433 852
613 634
960 611
852 561
549 767
330 807
443 524
950 48
783 306
326 479
937 230
984 768
49 998
692 888
820 309
856 119
920 195
238 646
961 873
50 392
307 267
553 39
847 653
98 412
338 399
339 922
772 167
487 50
550 340
828 110
277 464
44 573
374 736
527 588
861 146
18 588
883 582
368 918
314 855
652 147
585 240
839 575
993 139
888 415
227 815
395 11
594 699
42 553
442 98
742 409
417 416
664 927
572 824
3 623
836 229
894 439
287 815
953 455
1 82
555 535
404 9
872 657
854 513
655 720
561 832
694 126
16 625
93 637
335 672
963 139
142 556
843 273
492 721
258 837
557 351
90 148
627 423
310 913
316 726
116 672
538 631
229 847
247 754
511 597
946 716
489 931
569 368
844 243
437 643
994 704
209 556
750 253
476 818
540 843
632 796
374 145
105 892
716 132
593 727
121 938
148 963
778 946
302 332
360 733
948 454
622 661
365 596
979 424
190 513
940 572
50 428
267 279
288 537
130 500
4 461
978 528
316 495
961 998
945 473
344 992
109 736
667 180
945 298
249 933
162 564
698 610
865 243
520 946
25 500
580 514
732 837
273 711
710 788
270 897
362 942
490 251
625 876
365 89
3 570
741 610
68 220
806 934
932 357
55 502
280 964
318 540
319 861
56 619
203 716
441 183
872 653
64 986
730 759
362 723
457 701
756 263
461 157
78 350
856 816
11 419
621 528
915 889
203 955
99 762
778 387
392 218
981 760
943 599
748 661
225 242
578 705
511 585
293 646
755 487
848 67
632 602
601 909
288 10
787 32
310 671
777 90
796 338
963 675
839 268
472 198
713 904
401 190
590 664
833 211
501 325
247 865
838 588
492 8
919 261
408 925
322 459
595 2
658 113
38 279
166 344
518 525
316 173
249 246
782 950
967 398
364 225
264 447
652 243
50 80
72 744
737 778
115 650
353 1
348 796
349 117
166 661
244 861
227 905
417 669
848 3
809 423
371 338
153 139
372 57
745 545
231 966
335 969
973 535
870 155
652 42
435 882
349 648
903 251
7 454
279 701
94 241
732 79
591 221
110 463
239 169
871 916
492 891
23 641
996 443
426 372
547 947
911 434
414 254
648 983
721 900
617 59
889 702
88 733
418 340
403 248
370 125
868 972
850 691
263 540
447 195
142 663
588 451
937 440
932 861
830 256
134 267
561 573
565 989
74 984
682 795
872 165
526 936
844 59
792 486
596 692
852 542
445 192
69 724
698 190
513 604
643 541
267 781
518 719
316 851
248 649
269 355
1 973
329 456
545 988
105 965
383 234
956 786
688 964
369 729
406 422
84 68
663 10
539 24
170 941
112 404
554 567
904 538
746 735
321 754
287 135
129 890
447 589
767 180
591 122
822 200
945 92
690 992
90 637
935 633
917 478
270 785
850 83
372 307
559 521
570 306
4 509
787 44
46 551
180 541
327 926
534 712
661 225
523 173
180 652
91 123
538 566
925 246
730 862
858 267
566 200
176 478
929 108
198 683
459 428
406 804
78 513
885 959
959 152
726 381
44 616
850 695
424 515
852 707
688 420
707 320
809 752
826 574
652 874
501 396
526 823
913 338
109 183
916 547
131 301
207 606
358 998
302 454
857 13
714 910
164 419
492 80
113 269
359 150
939 531
173 555
505 171
473 901
792 783
776 180
340 83
594 538
596 140
410 1
896 856
951 738
202 431
813 765
151 506
444 352
306 357
362 169
291 239
398 657
170 784
102 223
123 784
603 872
733 471
29 598
672 929
654 753
704 370
776 863
327 860
328 70
755 801
541 109
760 73
154 974
525 717
106 455
920 185
719 811
10 129
102 795
124 295
486 442
682 671
681 864
530 510
177 878
68 814
416 34
676 557
613 246
464 51
262 890
211 862
260 406
270 401
178 363
997 248
473 436
492 496
934 283
579 216
53 286
428 692
892 113
379 46
273 893
596 893
759 451
37 527
797 162
30 531
397 276
754 193
402 170
459 39
388 489
815 322
143 507
728 677
964 804
291 766
458 149
791 693
369 822
596 595
173 766
222 320
218 565
827 641
518 550
65 398
251 423
443 773
200 808
37 32
493 542
648 411
503 709
364 269
239 867
295 909
5 915
979 280
448 208
398 706
149 696
795 378
444 260
28 587
896 723
897 654
914 612
221 86
102 251
13 362
254 6
718 401
295 576
84 705
604 447
140 883
443 290
889 982
229 349
968 451
343 453
606 597
275 605
298 582
449 978
413 823
437 177
989 484
702 743
115 11
291 691
873 91
357 74
698 22
3 872
874 94
361 27
375 890
546 194
214 316
967 662
384 833
95 619
594 310
744 343
906 202
873 885
802 427
696 666
364 632
555 161
574 671
985 174
782 456
255 998
973 355
901 454
425 277
759 310
553 529
759 137
506 443
114 644
556 563
706 64
355 178
28 116
66 803
273 123
554 28
185 883
70 950
772 250
23 416
961 167
672 446
767 351
93 316
274 758
611 163
316 29
464 776
412 616
511 226
114 840
813 692
139 397
247 676
857 656
334 728
301 497
616 568
140 49
269 659
550 748
184 981
314 780
921 284
614 435
816 454
860 300
895 430
970 883
223 945
13 856
325 285
92 56
500 789
671 110
339 401
436 573
699 113
573 664
721 651
206 931
923 841
157 357
86 742
647 6
775 77
941 357
980 765
1000 961
158 81
366 148
403 138
167 925
775 226
634 888
104 899
197 646
411 581
241 286
495 353
134 377
998 632
747 824
137 52
511 620
959 244
684 145
640 583
588 162
347 628
4 947
383 491
616 171
1000 266
553 670
950 904
772 440
976 165
498 587
796 38
75 223
536 539
667 307
815 235
729 110
839 17
736 798
623 654
737 587
791 850
593 943
960 342
230 520
291 207
322 607
987 911
331 407
460 753
452 784
785 238
948 558
696 447
77 888
541 681
139 425
947 366
527 271
823 451
257 806
295 810
230 453
676 231
70 437
404 930
701 835
799 251
490 161
897 871
951 44
457 824
258 315
421 861
741 552
832 860
689 827
174 383
654 645
326 586
237 650
589 501
992 385
480 725
910 825
107 982
271 705
509 854
440 323
423 394
986 338
452 426
881 520
246 922
431 636
927 923
53 42
290 332
935 444
812 329
143 391
1000 57
488 493
513 876
418 488
260 283
802 322
346 838
863 319
254 268
955 800
939 231
522 837
666 70
636 107
342 250
289 494
275 944
346 664
919 479
830 238
541 329
471 817
326 441
401 22
221 653
57 596
27 124
789 328
909 374
611 337
880 490
113 413
870 661
282 162
876 126
199 747
202 93
597 948
780 372
265 769
135 195
783 579
112 290
389 70
408 611
871 245
267 280
840 550
966 410
144 109
788 974
75 519
573 284
61 488
814 30
619 66
267 361
818 518
439 175
850 274
238 229
84 686
379 790
803 152
509 167
42 842
832 696
284 771
656 502
681 581
814 875
873 493
323 972
140 686
24 495
674 377
413 195
569 661
795 469
438 318
634 833
587 777
13 996
522 638
918 743
206 693
418 413
622 802
609 630
960 820
647 364
416 166
768 139
758 743
354 398
985 272
181 795
790 955
632 687
213 157
284 20
123 36
677 475
659 64
364 842
536 949
665 855
705 770
621 191
203 343
17 256
756 487
848 790
193 199
855 717
839 72
829 466
374 433
247 957
256 987
744 613
191 810
454 3
680 781
226 201
516 147
19 669
791 11
981 489
549 213
464 862
255 244
572 154
741 829
585 443
378 513
435 634
383 272
149 808
442 290
172 383
46 416
339 150
322 984
141 436
415 657
733 58
440 831
115 895
230 28
875 841
219 813
352 138
225 380
104 635
466 894
72 25
811 638
538 986
281 307
210 379
506 802
233 42
196 186
289 776
556 202
958 626
409 663
819 860
327 609
54 187
920 5
707 223
689 376
393 907
289 106
767 643
993 706
376 700
105 258
323 343
752 835
271 991
661 355
332 189
901 436
63 409
800 713
68 545
916 279
590 426
743 908
48 573
531 952
517 245
47 858
708 608
420 616
672 209
786 598
352 925
572 499
677 209
681 150
296 180
339 886
605 623
386 989
31 997
287 399
235 86
114 841
942 425
433 175
822 899
144 38
951 293
524 825
712 553
291 166
524 904
918 560
286 495
73 482
242 539
103 266
992 119
612 800
660 414
54 101
970 594
590 859
21 100
388 697
449 957
710 528
278 634
785 879
441 209
495 386
65 717
67 395
603 333
803 287
570 126
510 581
424 892
868 895
261 343
320 829
622 330
972 781
96 632
206 749
501 739
301 743
431 712
747 827
416 383
109 286
950 764
275 52
424 922
170 162
703 28
990 584
740 23
635 811
651 526
708 565
433 813
180 238
184 233
113 5
518 306
212 703
506 476
678 268
933 889
645 181
973 616
646 406
354 152
1000 666
907 838
198 265
643 428
123 714
775 885
758 983
956 812
597 46
4 496
546 607
979 354
597 927
211 204
658 885
439 420
597 768
692 564
254 381
295 698
97 407
228 751
135 845
101 294
749 871
220 91
991 830
872 922
23 271
102 19
267 42
305 243
258 683
965 288
684 456
189 998
138 420
376 935
289 816
200 245
711 822
390 385
327 553
919 933
276 153
884 438
522 145
855 119
397 955
971 538
698 446
794 973
941 618
232 68
640 518
388 209
736 875
65 868
997 339
817 693
359 894
52 102
324 899
661 524
574 807
441 681
649 460
27 416
523 487
566 411
74 589
721 418
243 866
138 730
982 459
530 328
576 566
169 224
957 135
463 962
743 775
378 54
911 874
950 7
198 132
532 748
737 598
634 214
887 744
128 807
141 92
455 636
633 790
154 409
529 51
69 266
418 201
30 28
865 379
775 562
64 390
581 367
49 342
158 560
412 960
936 218
224 220
614 489
597 661
546 649
112 513
560 565
390 789
720 430
227 848
301 73
249 744
729 694
239 269
986 705
686 196
401 679
46 359
957 332
823 117
291 348
129 105
168 529
613 385
650 669
707 964
121 535
486 297
294 426
378 273
145 775
557 186
724 605
798 188
51 985
634 63
872 291
45 503
525 941
906 56
102 505
186 319
760 664
63 23
855 27
603 34
696 640
604 793
553 793
882 215
898 656
298 932
815 761
542 67
677 891
659 357
237 820
838 837
180 55
237 66
419 909
60 605
522 571
839 293
950 966
807 843
333 960
688 721
748 993
530 172
790 666
791 695
547 656
65 19
545 809
539 813
700 755
296 217
575 733
208 517
999 897
182 741
773 762
903 703
927 531
905 562
635 287
19 821
892 678
611 790
254 407
282 54
11 604
619 771
909 123
213 606
934 534
801 960
654 433
343 624
549 165
475 440
780 127
563 889
784 122
801 956
184 938
168 495
427 586
838 138
27 564
524 971
49 92
879 640
201 361
664 591
480 432
153 462
585 499
968 453
769 148
589 555
609 469
771 546
367 461
153 383
657 302
543 78
547 11
257 297
409 662
708 30
964 160
547 920
716 513
788 406
220 720
556 90
390 667
612 321
496 938
946 909
176 485
432 43
811 61
9 203
764 251
130 881
293 643
226 742
759 304
835 320
507 243
750 45
146 487
972 95
440 184
77 701
406 605
616 958
412 422
655 26
325 643
489 813
403 669
761 581
389 914
446 733
618 882
412 469
559 209
839 414
401 227
645 225
777 313
852 987
320 188
946 416
909 300
583 917
666 611
443 678
984 66
214 94
677 161
413 971
662 735
365 565
536 735
49 700
213 897
274 519
574 394
818 72
583 328
163 261
861 166
314 667
611 899
807 785
413 725
766 765
908 659
442 199
797 847
533 853
328 162
556 506
993 176
962 801
559 641
671 987
374 969
175 648
344 652
810 937
15 980
879 277
625 926
674 335
968 493
590 971
333 98
116 854
9 436
686 478
709 452
994 835
77 29
203 482
126 688
401 595
328 717
777 776
480 920
318 488
940 115
38 795
857 126
497 123
481 862
959 97
794 8
104 163
524 370
847 624
276 587
62 124
636 65
18 254
754 180
739 856
42 8
406 633
354 294
961 502
230 861
856 732
29 286
189 216
393 499
69 610
182 899
312 384
113 358
403 550
577 183
501 215
784 631
383 895
839 236
628 870
458 58
667 418
995 785
335 336
448 124
467 200
468 119
822 834
95 432
870 638
88 130
143 974
936 80
735 864
574 422
335 118
391 448
361 975
515 20
371 386
666 547
266 570
818 255
468 452
932 75
625 719
55 228
633 196
580 581
905 949
871 70
72 884
767 54
134 7
119 838
814 994
158 774
569 925
879 696
861 477
241 764
229 403
659 652
72 82
471 186
145 794
631 768
618 69
546 294
353 31
34 242
769 77
495 417
833 818
337 67
444 993
450 354
215 38
567 269
436 817
20 48
890 820
708 229
966 47
195 458
119 401
569 345
111 230
249 37
932 892
904 743
169 948
262 703
907 566
748 728
180 92
626 60
55 876
169 965
26 838
557 682
373 557
123 26
948 89
622 48
768 463
184 134
972 103
721 417
94 280
442 857
478 10
902 664
944 622
752 167
11 697
477 168
776 183
465 874
943 53
710 352
748 51
931 533
108 146
112 213
631 742
502 446
527 987
344 776
236 366
883 733
222 809
957 330
769 739
398 660
525 407
864 559
318 103
254 489
456 416
686 90
154 811
49 55
620 938
549 482
521 941
371 188
278 728
603 633
362 985
758 683
693 536
441 159
407 408
183 977
851 484
269 722
164 610
389 360
119 505
802 19
272 798
796 278
461 326
138 187
821 486
418 411
169 519
808 727
393 79
33 48
786 910
511 593
726 156
639 853
802 356
845 258
578 415
721 350
100 847
639 826
397 273
648 209
612 226
108 321
770 732
952 167
683 841
174 684
299 313
964 950
662 577
259 494
342 593
255 400
455 722
772 144
387 434
425 779
745 926
743 447
230 726
175 179
896 904
895 192
922 852
904 759
923 181
248 273
157 937
242 628
853 255
900 643
5 801
615 854
945 302
322 935
785 325
969 416
110 874
664 690
408 496
780 120
92 249
954 310
257 14
314 73
393 606
305 314
720 679
304 858
591 172
777 672
558 287
588 284
764 307
811 897
522 372
945 891
431 976
712 90
768 988
346 248
419 620
718 80
99 512
760 297
600 815
267 928
180 327
660 73
630 971
756 690
439 742
337 804
485 356
660 56
521 278
596 958
613 120
715 67
579 40
582 941
548 789
18 264
476 972
661 466
665 535
688 400
968 69
180 20
863 369
935 164
811 474
632 717
90 313
777 431
338 783
943 286
661 916
360 543
622 859
492 4
332 608
238 608
621 225
568 403
145 70
878 688
628 771
536 689
687 906
542 867
715 501
292 386
793 611
264 419
804 293
472 262
421 755
829 214
784 953
508 871
325 87
349 113
421 580
401 725
620 204
896 690
288 775
590 524
390 684
267 435
125 347
205 63
823 158
901 816
280 774
903 358
200 323
879 679
1 252
6 44
883 288
404 239
264 731
374 889
158 954
183 285
813 134
983 826
785 877
247 167
355 569
428 315
363 903
547 951
234 486
589 304
664 249
976 827
24 88
280 194
890 785
29 985
820 964
214 351
108 950
509 657
717 88
869 401
837 947
18 477
402 956
920 769
263 681
656 779
713 846
56 71
990 590
772 645
132 228
407 418
742 707
800 838
783 7
288 629
276 571
481 575
378 161
911 995
833 179
355 211
998 955
655 494
281 695
891 320
131 961
406 344
523 808
653 761
47 94
412 681
382 587
787 704
516 55
240 96
740 597
267 580
687 942
174 855
467 203
624 966
472 371
74 491
713 660
848 766
886 90
339 34
728 36
268 836
552 242
509 553
719 366
940 456
813 661
306 361
89 543
897 602
715 767
553 232
37 455
26 104
245 356
211 44
107 399
534 128
25 432
992 776
500 86
871 65
219 998
239 491
738 406
758 989
854 796
713 204
876 616
22 310
906 845
33 751
417 586
551 677
534 349
627 531
920 161
993 957
888 213
385 347
924 744
409 589
950 444
38 602
241 430
152 489
206 860
542 218
66 307
284 475
211 838
92 425
750 281
823 727
368 567
572 299
683 416
958 874
501 709
821 50
15 495
938 111
673 123
450 948
716 447
864 650
333 585
523 537
17 651
612 207
176 980
227 43
299 726
908 760
704 256
696 34
611 433
104 461
583 975
251 302
576 646
256 818
810 377
294 862
297 74
297 774
632 995
791 405
190 806
601 20
929 541
825 311
700 344
96 650
338 505
434 36
2 288
221 428
466 341
54 628
678 402
370 825
499 679
26 221
154 22
304 407
865 234
922 19
468 473
196 80
241 957
700 156
408 260
227 850
64 542
514 88
701 550
78 37
448 692
197 775
241 671
242 688
618 23
546 472
233 51
50 555
148 172
171 261
499 845
926 503
124 291
430 742
567 483
811 821
439 620
977 461
65 651
323 239
64 936
767 744
517 619
205 239
189 746
1 808
797 491
461 89
399 51
464 454
356 252
838 808
312 122
76 243
424 596
77 774
904 350
319 857
414 615
143 431
781 537
347 853
730 195
380 456
990 657
665 852
891 60
263 919
123 406
675 824
633 613
481 720
208 616
875 480
912 630
565 420
348 608
577 126
80 562
613 616
550 104
563 191
984 104
36 773
992 691
44 760
409 397
892 672
641 842
930 965
170 990
230 678
838 33
306 142
799 414
893 623
250 467
88 490
128 577
594 972
315 21
358 956
979 122
456 556
602 799
89 960
932 396
465 847
120 42
793 627
116 94
168 778
873 317
802 995
31 471
313 564
73 293
720 664
404 187
876 711
219 204
440 655
862 886
441 186
668 783
54 190
292 743
314 283
300 282
177 545
987 112
860 482
95 599
578 687
691 884
926 141
285 27
824 339
235 460
169 610
260 335
958 802
650 243
363 692
569 1
865 938
609 768
124 658
872 78
378 283
507 245
351 44
27 362
910 419
18 43
695 871
240 359
187 864
829 273
230 774
601 178
449 173
947 858
397 389
970 473
91 656
458 181
613 571
134 876
620 265
765 848
164 487
631 907
378 991
572 347
225 918
60 167
134 910
175 342
883 743
184 763
540 360
6 674
302 79
766 656
912 143
89 514
550 657
878 770
934 560
371 424
390 530
582 88
174 133
303 611
732 951
510 61
827 877
610 343
426 846
887 865
763 703
90 755
684 705
187 123
188 912
45 121
541 916
305 212
664 941
90 533
241 679
883 208
208 424
998 131
376 910
72 391
828 401
664 843
634 789
543 445
926 463
730 724
825 824
823 861
347 140
655 239
885 644
815 861
836 472
216 705
399 250
350 652
392 781
774 18
544 527
265 226
512 45
308 128
572 472
682 885
989 791
8 348
337 656
302 866
602 172
160 887
582 910
859 311
56 72
271 217
905 35
892 181
394 568
325 724
414 703
386 632
497 347
597 344
49 786
96 751
97 488
350 200
591 906
762 776
908 676
481 573
161 637
113 356
938 863
667 311
151 158
507 620
438 686
863 155
539 241
120 567
265 920
491 571
734 396
558 958
18 723
974 558
169 325
870 975
841 219
74 202
577 990
909 786
842 247
174 598
477 304
746 875
504 402
768 601
89 824
474 566
510 168
261 756
709 246
744 884
914 842
718 380
424 272
63 905
319 275
102 993
528 200
768 871
860 21
36 503
910 47
466 980
103 521
659 767
660 300
698 91
772 806
475 942
223 708
392 554
814 557
980 797
341 521
567 271
124 689
224 605
208 178
9 295
952 337
755 132
904 468
802 495
584 189
960 316
113 964
649 352
336 165
264 962
997 336
906 808
485 524
56 100
535 852
830 432
541 35
688 601
172 714
87 441
473 125
237 492
700 900
576 666
26 759
140 608
467 539
583 825
17 280
625 67
844 427
369 781
61 975
317 37
804 521
585 293
22 986
558 760
243 901
563 162
583 95
659 535
911 740
456 998
38 336
593 911
723 552
796 804
264 493
517 661
252 828
577 330
398 747
662 884
987 653
714 79
576 100
869 739
979 97
27 700
230 485
944 628
468 474
396 335
491 971
457 847
663 267
462 248
92 77
590 756
477 389
559 699
428 79
690 310
529 636
896 409
733 244
880 648
954 131
500 841
871 842
981 273
585 421
604 71
806 783
491 646
244 342
271 537
532 951
823 788
534 745
497 854
370 220
99 998
831 313
119 507
534 600
169 756
669 319
20 325
242 3
888 723
11 311
555 201
683 28
422 448
797 12
123 75
17 730
768 318
826 620
994 730
668 287
910 452
74 620
627 632
421 153
522 756
501 363
856 662
285 634
707 58
75 10
597 129
890 381
540 560
156 969
838 757
605 662
307 79
291 626
184 386
536 599
919 364
387 39
924 454
49 516
877 886
889 300
209 994
249 77
891 650
305 739
782 847
693 936
715 344
148 815
184 736
560 371
633 823
318 71
364 409
232 890
986 737
297 464
465 630
619 149
729 501
13 276
253 911
897 641
954 466
476 146
280 496
103 141
456 478
755 738
726 357
22 413
689 176
533 783
956 394
371 154
387 897
673 644
555 728
441 328
594 126
578 795
231 527
987 341
823 971
58 195
821 294
869 243
698 19
958 961
579 268
45 472
608 268
384 838
518 153
935 64
561 523
750 65
308 92
353 804
384 612
39 412
27 508
18 153
422 127
48 896
86 200
473 181
408 372
166 112
697 646
576 625
557 914
959 514
563 365
853 922
779 437
342 512
1 788
221 753
94 97
424 397
297 129
28 279
451 852
13 197
970 184
516 236
554 827
792 844
743 477
464 781
191 842
965 867
573 126
153 883
746 594
672 657
912 128
386 513
473 738
607 323
735 670
884 708
373 377
583 474
992 813
738 257
131 693
98 672
262 473
745 555
597 586
948 996
805 957
810 773
650 638
957 594
550 963
935 595
370 435
814 820
641 386
492 994
572 766
42 913
902 299
181 498
242 840
6 143
100 382
121 701
224 690
446 209
98 134
160 938
472 620
99 655
873 852
493 123
95 731
42 469
5 239
608 857
394 598
358 879
994 531
63 270
178 612
325 723
679 240
661 613
576 703
459 772
136 112
428 776
89 48
252 708
109 205
645 177
687 842
869 595
105 830
307 22
308 709
91 767
896 220
518 592
761 471
301 550
446 591
13 152
770 565
607 112
451 816
594 736
83 285
771 18
220 705
836 564
639 129
785 370
669 607
329 14
27 723
121 172
782 545
508 756
31 570
685 362
941 128
733 126
172 466
232 637
598 904
968 433
418 259
127 672
738 519
997 778
524 142
380 796
785 702
680 404
992 390
665 480
194 600
471 242
876 776
771 470
171 424
172 135
779 169
342 307
215 35
399 168
96 425
594 360
868 799
996 212
800 535
715 379
