977
938 678
199 691
223 255
233 398
552 441
367 404
203 749
550 429
480 530
152 307
15 242
413 173
80 41
41 572
957 782
472 396
533 297
270 48
111 210
108 71
203 101
99 37
638 789
596 475
352 370
219 125
177 137
165 719
763 438
373 192
690 908
119 29
478 164
314 435
888 17
542 131
27 216
171 52
317 483
669 746
488 2
513 488
297 162
95 914
57 369
469 228
241 185
31 807
194 804
278 660
375 920
144 432
756 449
191 31
1 291
155 409
525 467
135 627
293 27
549 437
120 786
25 17
638 52
51 228
112 68
892 524
255 374
235 238
278 63
448 840
824 571
761 34
606 36
150 60
4 806
955 838
327 352
443 382
3 2
736 514
847 366
533 610
187 40
227 188
73 142
502 652
116 494
213 186
73 79
196 853
813 627
571 57
277 70
38 94
49 393
135 90
49 377
38 272
192 112
890 247
179 266
757 129
619 668
75 301
451 447
356 177
126 87
287 475
96 452
386 68
571 612
244 58
886 224
448 640
193 17
335 446
848 486
93 49
611 36
875 724
15 29
599 191
20 2
386 649
543 810
107 311
132 115
21 47
958 644
948 912
150 536
252 1
85 195
62 92
237 415
401 393
69 257
289 389
974 427
635 861
377 546
96 411
676 350
5 589
484 88
282 14
50 10
26 267
72 34
624 360
306 385
18 128
903 969
557 744
86 158
882 254
771 617
655 567
9 95
425 291
105 186
420 171
273 518
752 48
621 780
306 85
552 926
227 460
523 237
629 2
381 142
470 12
1 2
19 269
224 114
832 830
7 82
497 364
246 140
424 426
295 925
54 766
543 498
304 225
585 262
310 522
743 18
121 3
199 223
35 140
148 59
829 675
970 205
558 796
119 156
569 155
123 35
91 204
654 421
430 15
240 197
504 850
235 535
74 218
574 664
206 193
104 180
11 4
440 34
524 566
874 425
801 695
285 183
11 62
89 34
499 811
311 904
85 333
9 38
232 226
259 318
59 48
56 47
66 48
26 48
366 503
537 21
924 391
745 305
226 487
353 94
770 756
63 78
691 799
268 682
455 764
405 147
412 940
420 590
582 410
168 200
645 907
390 816
36 491
395 62
37 9
588 293
870 514
723 104
30 4
7 21
12 116
683 14
421 234
65 54
158 355
92 107
8 14
155 58
65 325
456 199
42 16
31 13
585 621
753 440
402 359
538 868
797 520
33 3
667 897
852 884
463 837
58 299
609 817
608 575
204 635
10 13
883 975
889 695
828 791
3 100
42 212
898 189
701 862
879 833
758 371
244 290
120 61
187 701
595 69
131 972
547 83
465 360
444 214
44 8
281 406
96 367
15 261
556 477
81 153
540 228
477 55
504 478
503 694
112 424
26 91
881 130
315 26
873 950
116 499
440 751
932 268
690 784
531 798
76 71
680 579
951 21
19 4
968 958
681 700
68 34
84 22
859 778
8 1
654 822
218 328
61 397
553 351
544 388
39 331
108 160
721 708
170 551
43 16
844 626
547 728
8 96
49 32
719 726
179 345
287 251
378 332
921 325
362 706
468 35
260 375
40 159
13 90
135 628
70 59
123 286
284 80
143 51
772 456
217 808
31 138
919 723
68 86
382 479
258 226
878 177
555 33
95 574
961 95
466 501
760 448
5 157
499 697
129 63
317 138
303 185
705 361
785 34
583 261
627 643
174 120
830 933
381 489
836 700
23 27
441 169
457 956
865 629
140 182
656 388
83 98
17 10
508 677
496 310
54 529
601 599
18 214
48 279
805 290
83 50
441 464
10 28
603 321
27 481
154 639
281 170
222 98
85 485
207 724
552 952
244 579
157 330
408 833
150 199
259 372
283 825
87 289
387 527
866 807
626 245
347 293
939 131
316 262
288 704
659 452
917 401
872 623
20 231
53 154
14 524
565 598
490 11
5 6
673 627
686 795
33 508
161 76
136 50
45 901
567 440
235 681
765 480
725 363
1 54
899 602
735 327
79 245
184 37
820 257
327 144
448 338
160 887
689 411
461 125
863 142
580 679
930 375
954 892
28 102
4 3
718 257
503 517
316 329
809 59
234 429
110 131
905 688
300 157
149 36
542 976
339 187
57 35
342 226
600 539
120 391
222 407
584 520
304 577
802 693
145 124
653 270
379 177
396 71
173 76
605 324
538 132
26 23
702 307
243 447
900 163
104 76
422 325
12 7
1 130
4 259
579 674
194 118
68 106
895 411
967 626
617 294
47 176
16 4
690 278
609 231
49 134
163 419
275 454
90 516
338 289
10 2
299 418
526 604
158 358
502 62
126 678
830 414
667 519
334 173
768 147
205 431
323 839
977 221
114 33
250 256
296 305
59 69
883 841
187 615
295 222
141 59
423 573
842 736
769 345
688 193
658 268
412 602
3 294
205 332
351 132
53 172
788 357
486 426
620 333
368 6
711 867
960 593
400 43
165 225
175 39
607 306
126 234
506 860
9 22
116 320
3 337
663 355
61 181
162 157
250 232
248 184
151 324
235 561
125 13
779 615
852 539
14 362
531 31
466 185
964 700
250 495
640 699
155 275
579 632
289 453
5 366
492 79
131 423
707 690
298 168
685 537
766 783
595 710
360 231
132 137
100 205
581 942
751 910
34 12
931 362
631 342
836 913
249 873
249 263
274 186
794 459
651 71
698 618
474 119
208 89
827 332
49 170
564 409
265 519
792 134
197 209
211 854
243 717
363 68
455 150
481 742
618 528
835 537
16 146
22 67
252 312
70 74
576 213
417 284
143 715
928 847
346 79
193 211
107 657
729 628
714 548
54 165
463 53
953 415
253 24
54 111
476 244
423 662
229 176
36 15
197 136
454 500
202 169
776 505
737 814
8 85
61 30
61 109
226 133
2 63
473 62
264 75
782 375
163 280
291 754
445 148
103 75
437 430
319 349
67 343
23 39
166 221
239 95
71 20
465 539
399 316
922 433
164 139
532 284
36 122
233 166
145 273
834 283
671 40
55 23
376 356
245 271
5 243
1 45
59 323
159 190
43 348
262 237
144 943
774 361
695 738
172 962
236 936
800 698
231 965
493 593
420 871
82 803
966 566
222 438
696 75
254 123
388 586
845 753
663 778
290 526
791 249
480 353
534 279
390 442
767 120
198 283
310 298
334 762
816 838
308 249
384 647
87 168
320 427
108 403
125 457
46 545
466 903
506 59
383 371
69 740
101 9
326 234
183 180
484 670
771 843
260 53
191 198
373 459
578 576
326 927
6 439
959 775
112 188
393 587
711 151
450 417
617 633
896 783
237 54
21 53
39 249
58 44
589 672
12 885
675 265
11 350
963 797
467 906
152 387
51 17
303 344
380 261
195 750
732 406
973 678
364 47
43 937
40 29
218 741
196 122
541 208
80 113
709 160
648 339
10 178
276 122
61 336
444 642
374 781
88 38
6 9
382 274
283 528
708 562
122 661
569 730
408 347
747 356
392 703
416 407
388 12
109 558
134 636
562 29
777 160
78 236
76 934
313 619
634 343
514 353
286 581
563 557
548 315
855 196
235 177
479 880
312 559
165 748
151 148
317 946
117 54
716 83
941 602
192 521
282 570
292 105
515 403
333 511
304 557
856 381
268 40
313 235
568 319
805 915
787 270
7 60
32 28
124 34
309 693
433 161
669 53
912 827
64 152
125 185
267 665
569 614
171 359
133 139
62 97
91 115
242 247
512 175
215 60
3 5
155 365
606 625
644 345
869 495
498 246
818 616
217 192
657 826
268 314
390 394
53 390
580 301
320 428
6 841
462 509
465 790
158 296
351 793
357 275
288 132
687 821
554 202
815 770
645 70
909 187
131 650
462 304
489 493
127 124
594 944
9 35
851 597
891 264
622 102
122 319
354 269
857 74
13 592
207 392
17 911
77 163
39 41
583 733
39 52
51 713
225 471
947 689
166 29
14 75
27 641
338 858
739 303
473 613
194 520
607 775
918 193
46 87
220 193
759 485
116 412
711 929
609 877
208 302
164 179
630 684
129 449
846 129
686 422
26 737
133 507
10 467
342 410
482 348
93 630
71 144
819 490
12 414
554 876
945 160
251 65
916 85
567 712
81 8
663 849
29 118
201 3
340 84
949 715
58 110
85 105
